Matrix A:
68	79	68	60	1	87	58	13	74	2	58	88	97	71	1	4	74	78	5	30	56	24	66	12	11	82	83	45	40	49	69	9	72	1	73	36	11	65	95	0	22	35	55	89	21	77	9	91	86	1	30	95	11	90	73	40	59	44	48	29	32	34	6	53	94	
66	75	74	16	73	24	46	83	5	94	16	19	77	98	36	30	5	38	23	2	52	22	94	4	19	97	72	74	19	89	91	49	94	18	36	86	42	11	64	36	7	50	97	45	56	70	29	70	62	28	5	25	85	4	37	13	36	86	88	61	12	11	0	90	4	
37	88	27	32	48	66	75	68	41	52	22	13	64	98	57	27	5	87	20	22	40	58	70	83	35	8	41	13	2	47	32	74	73	21	38	68	49	3	16	78	96	85	34	60	73	73	8	74	21	0	76	74	96	88	53	40	87	80	37	7	57	13	12	50	26	
47	78	29	48	76	4	11	86	89	32	86	4	64	66	13	24	33	87	89	91	5	71	59	59	52	15	2	1	30	86	6	24	15	49	44	40	85	3	40	26	39	10	22	33	63	80	86	10	20	58	60	65	39	7	15	79	68	14	73	88	50	5	64	94	19	
2	0	37	53	72	6	71	99	47	21	36	4	49	43	78	27	73	98	14	66	14	94	59	81	70	48	56	84	89	81	86	5	97	78	36	41	63	19	66	41	35	50	98	69	14	77	13	80	37	36	83	0	75	62	6	69	75	96	57	73	84	1	26	60	25	
77	76	69	21	56	31	9	58	81	38	34	42	12	83	13	64	45	11	14	47	69	77	6	21	4	89	20	87	68	71	39	64	17	53	8	62	21	74	19	56	71	40	1	66	84	44	5	19	2	91	79	33	81	16	51	56	20	70	58	96	58	12	49	69	63	
64	55	17	65	26	24	5	63	36	3	66	85	0	76	51	46	41	17	47	99	75	32	8	21	39	95	51	7	11	43	4	34	24	33	35	94	48	54	57	26	27	79	9	99	70	87	50	85	87	29	81	4	78	65	13	90	16	14	99	31	82	86	21	34	53	
39	23	83	64	19	80	47	84	43	23	34	19	80	77	32	44	75	40	90	72	43	39	8	82	68	61	82	38	87	60	84	79	93	26	7	30	98	74	78	79	28	89	73	71	45	21	94	17	98	16	30	78	24	86	98	24	93	76	87	42	89	65	43	75	99	
55	12	10	35	3	60	81	42	59	10	65	61	44	35	13	43	28	11	92	94	82	21	50	45	37	88	44	31	8	56	11	64	47	24	91	15	67	28	5	72	92	39	31	12	84	12	0	5	8	79	70	16	39	84	57	51	47	51	82	19	33	86	30	65	33	
68	18	52	59	7	59	23	32	6	51	94	95	13	94	97	13	29	76	66	25	3	83	7	95	89	89	25	8	14	89	25	86	60	11	16	77	56	3	94	72	89	6	71	23	20	80	27	51	57	9	92	85	75	58	83	17	51	45	67	57	87	38	50	9	68	
38	58	34	11	46	91	0	9	48	55	91	48	28	47	61	90	94	30	65	87	34	53	55	3	22	63	24	65	0	5	83	44	90	25	10	9	67	71	43	66	4	7	66	74	81	80	8	77	47	21	66	67	65	5	44	22	15	83	45	41	95	25	92	68	9	
88	90	57	70	85	18	36	72	70	14	12	28	47	7	95	60	88	29	12	77	29	26	84	26	21	41	86	20	0	83	84	5	96	16	72	4	47	80	75	26	80	70	38	31	35	35	54	12	86	0	22	77	15	25	36	45	96	58	25	6	83	0	68	38	86	
21	17	87	98	2	63	27	49	82	82	1	53	71	11	36	45	36	16	2	47	82	76	8	36	5	53	53	53	72	59	86	95	62	20	22	45	39	51	58	89	45	51	50	41	12	2	36	29	82	26	55	95	45	35	73	25	59	10	21	79	71	75	79	57	49	
22	78	54	44	25	73	96	57	86	43	62	65	55	88	40	52	8	44	9	25	88	18	8	34	5	19	97	0	18	11	2	24	22	73	66	85	87	54	79	41	33	99	49	83	50	40	63	60	71	1	9	71	73	96	67	19	1	86	22	28	89	27	53	17	1	
46	8	4	31	82	44	57	88	34	82	70	39	23	87	20	43	95	81	38	64	27	64	23	47	14	7	62	36	46	62	86	70	9	30	84	27	1	37	81	73	76	65	17	17	90	47	6	90	36	66	35	74	39	38	40	74	96	0	67	96	31	54	97	34	26	
45	55	40	90	77	77	51	18	49	64	22	49	78	48	79	23	99	69	67	99	33	23	30	27	21	26	43	73	55	12	52	58	96	5	26	59	4	69	11	7	94	16	4	72	75	20	47	21	2	9	68	1	25	85	40	91	29	48	14	57	27	13	20	68	4	
91	45	30	79	69	19	19	78	41	97	6	59	53	8	48	20	14	3	63	31	85	39	20	60	0	0	3	89	74	55	8	21	41	17	76	16	57	47	19	83	6	95	60	7	82	14	83	69	53	0	65	61	22	56	23	12	11	63	27	89	30	48	31	2	6	
78	92	49	57	42	41	53	91	51	94	40	29	4	34	4	17	9	49	65	2	94	79	31	36	62	24	31	84	71	44	72	27	92	88	77	25	52	88	74	25	13	68	64	69	78	26	34	15	57	69	10	91	66	68	69	92	4	3	79	38	93	71	83	23	15	
58	67	73	26	65	0	64	29	74	21	21	24	49	82	90	55	39	48	31	6	63	24	10	75	0	77	11	70	13	98	99	94	55	74	21	59	54	23	31	59	47	10	87	95	86	97	59	49	77	95	13	41	38	14	7	69	63	2	27	16	68	74	94	3	19	
87	13	43	70	53	15	35	76	55	10	79	30	19	38	25	35	63	68	64	76	27	67	59	79	69	82	78	46	67	29	28	54	47	22	39	41	0	63	41	1	33	70	23	7	24	98	49	31	73	26	29	6	8	1	21	2	82	52	25	99	96	59	6	79	71	
34	6	3	0	92	44	30	58	67	55	64	59	84	63	67	15	34	68	2	65	65	88	26	25	68	83	37	66	57	21	71	5	94	65	89	46	33	30	74	96	81	44	25	25	27	24	52	43	36	92	35	70	5	18	24	18	64	55	74	53	22	41	66	11	95	
51	86	82	63	1	43	50	64	73	22	57	35	48	54	72	79	77	45	30	50	87	59	89	31	30	41	12	59	14	28	76	27	73	7	28	10	75	39	43	28	86	72	16	89	75	61	34	17	68	44	94	2	97	37	71	13	63	43	72	83	52	52	49	27	37	
54	7	77	50	46	82	97	24	34	6	45	73	76	78	97	24	37	42	69	3	4	82	58	7	83	77	47	95	4	56	24	46	73	64	76	23	46	40	55	6	33	78	50	50	60	94	91	29	11	93	70	65	57	0	2	21	61	6	91	31	34	98	40	54	27	
75	8	6	69	6	74	57	87	38	81	77	17	36	3	44	6	12	26	14	0	36	1	65	73	80	18	63	27	24	53	97	69	95	1	67	49	81	26	96	18	43	17	20	75	42	97	33	47	86	76	47	84	58	64	84	8	58	92	45	34	65	85	91	42	65	
98	62	44	83	71	96	61	76	15	53	9	82	69	62	61	76	73	29	83	11	33	21	48	26	66	91	29	77	74	85	58	40	63	39	22	22	37	32	5	75	42	10	9	3	3	42	44	70	28	18	27	17	93	21	35	58	68	59	58	84	22	86	85	37	29	
81	5	21	84	80	29	12	79	17	45	53	75	38	33	84	82	71	73	50	4	67	65	78	73	15	6	14	11	67	80	44	4	78	71	57	85	13	33	77	78	39	66	73	45	8	62	33	51	60	0	32	94	52	17	3	6	24	65	56	59	7	53	53	35	36	
81	52	14	86	1	92	26	76	55	85	30	84	81	50	66	53	74	37	36	34	55	25	42	66	2	44	92	87	71	59	23	61	15	75	44	40	66	6	43	40	26	71	20	12	6	50	67	78	89	92	88	44	11	72	10	17	50	24	53	70	23	87	51	75	9	
11	0	77	3	6	54	31	49	46	40	42	19	26	23	43	38	66	95	39	45	71	1	85	42	47	66	16	19	12	52	79	70	19	16	12	68	1	62	81	93	98	94	78	86	70	54	39	57	65	86	89	86	83	4	26	51	77	62	10	66	79	49	29	99	75	
65	95	93	46	97	18	50	15	2	23	86	26	91	48	94	71	59	14	97	35	70	39	44	54	51	51	20	16	83	54	20	3	80	46	87	71	4	37	99	93	69	85	20	81	86	40	92	66	76	21	67	32	0	42	92	2	84	16	50	78	13	55	33	23	39	
45	69	42	21	32	74	45	57	45	46	19	4	69	76	24	75	26	46	14	97	54	26	94	85	84	55	10	60	39	66	8	16	45	3	99	92	1	21	85	79	54	74	34	65	49	34	28	66	58	32	36	98	82	67	65	74	31	43	12	4	77	54	48	25	62	
14	72	48	2	97	67	0	65	96	88	76	5	94	98	91	96	65	7	86	3	39	86	51	34	14	47	91	5	18	77	88	35	45	7	18	85	17	14	10	41	30	30	6	33	55	3	96	4	23	35	14	57	17	87	11	4	73	0	52	46	74	94	91	16	64	
80	69	79	91	70	7	91	86	83	94	33	27	29	39	79	28	96	14	21	3	20	40	30	63	7	9	74	26	19	76	65	55	32	34	96	13	59	89	41	59	12	25	21	56	46	58	17	35	57	61	61	31	47	93	27	60	8	98	55	57	36	66	99	95	75	
88	44	76	82	78	74	94	69	62	89	11	5	11	68	52	6	40	62	14	65	22	76	77	14	53	70	0	98	52	22	87	21	36	15	60	93	28	11	13	81	6	17	67	98	84	30	44	9	54	23	3	39	72	55	12	89	71	28	99	99	56	21	59	49	73	
21	80	26	85	58	78	53	20	17	30	9	88	87	90	8	35	90	56	32	13	55	40	15	66	91	6	5	29	48	44	76	84	54	10	16	75	3	69	65	17	80	82	50	39	50	62	60	56	14	55	48	34	9	70	2	90	12	73	71	70	55	93	21	25	53	
20	35	88	1	28	92	73	28	4	73	56	79	80	0	29	22	33	11	31	71	56	82	46	23	67	61	53	80	46	78	7	48	35	3	95	0	93	7	47	75	19	87	81	99	53	5	69	80	66	73	0	89	77	28	75	83	93	75	5	16	83	76	90	45	75	
64	59	85	87	13	27	30	17	11	65	29	84	87	1	26	54	42	89	26	65	16	68	86	35	33	98	53	5	54	43	45	83	63	42	39	26	12	94	9	96	41	84	34	66	77	4	21	76	43	87	46	8	78	22	71	93	24	96	86	95	22	62	69	4	50	
27	66	79	42	48	8	85	41	10	17	53	88	67	46	37	99	24	34	87	65	56	41	62	2	15	56	57	29	38	83	18	99	14	11	9	7	92	67	0	3	71	30	59	79	90	47	37	58	25	13	61	22	87	90	48	13	31	54	20	70	19	20	45	89	71	
73	64	37	67	74	49	31	19	14	83	44	35	85	80	72	15	87	15	53	43	88	5	0	56	56	62	14	42	28	9	96	54	5	85	65	60	29	95	98	66	60	14	33	69	88	97	73	8	5	11	69	94	28	38	99	70	27	81	9	7	59	93	12	90	22	

Matrix B:
75	62	94	4	20	56	94	19	30	19	9	86	10	5	77	37	96	53	52	72	62	98	71	17	72	97	43	33	22	59	56	62	33	96	41	69	0	82	67	73	79	90	44	9	55	56	68	9	42	6	67	48	43	68	65	7	57	11	9	90	43	36	93	25	7	38	40	69	77	48	83	41	89	90	14	91	66	20	52	64	9	35	30	37	25	71	16	33	80	40	21	0	3	
43	36	37	49	18	5	64	30	66	67	82	35	65	85	10	97	36	55	86	54	82	58	27	57	87	44	50	14	21	31	93	83	73	18	34	58	18	33	34	26	99	17	21	90	18	95	62	61	93	31	74	61	84	3	75	27	61	18	11	99	70	83	28	41	50	25	3	79	39	36	4	99	99	95	1	61	36	21	81	78	46	16	41	28	93	28	23	27	33	29	72	94	43	
72	32	98	1	31	41	11	33	97	64	39	6	36	67	29	65	19	28	53	80	84	67	82	77	75	49	89	22	85	25	47	8	11	60	58	90	51	47	10	32	30	56	84	73	77	51	45	39	5	16	48	30	13	47	85	80	22	12	73	36	79	13	95	61	12	73	86	2	30	2	42	24	85	35	65	96	32	89	86	19	34	8	32	88	10	2	73	82	6	80	32	95	74	
45	57	89	71	96	76	48	99	82	24	33	71	65	90	13	32	92	63	49	56	80	62	63	48	64	87	39	99	13	24	52	74	52	23	58	44	94	70	32	30	19	35	58	27	94	50	27	82	56	77	45	5	72	92	42	38	40	91	26	28	63	66	83	87	67	30	34	30	9	58	59	43	76	5	41	67	50	59	91	59	19	87	23	97	20	40	42	40	3	8	13	95	43	
66	7	58	50	44	7	62	43	49	84	67	93	62	68	49	66	12	55	48	95	34	99	94	33	92	62	70	93	67	62	14	99	5	84	18	24	61	35	64	27	56	92	57	88	31	29	38	37	25	91	48	33	65	85	62	25	94	38	89	65	75	91	42	73	53	54	3	58	72	31	68	93	5	58	53	63	23	34	46	99	42	65	88	76	65	52	74	86	80	87	95	88	69	
58	46	92	28	82	14	24	14	87	57	58	70	7	16	87	79	68	44	88	43	56	47	13	42	90	90	11	68	64	91	38	12	36	16	64	40	60	18	33	54	91	33	12	14	42	92	27	7	51	26	28	48	57	28	72	19	85	38	88	4	42	58	98	33	85	74	1	23	59	55	50	81	51	70	61	16	71	40	56	74	63	30	95	21	70	26	56	80	91	65	57	30	64	
14	1	23	93	29	92	67	35	33	59	26	51	73	48	14	59	69	2	44	44	13	9	82	55	94	26	70	30	89	11	49	30	6	30	63	88	17	11	26	5	37	19	82	67	81	93	63	77	21	32	15	62	86	51	71	43	38	74	53	19	88	16	44	41	2	55	88	2	94	60	18	40	2	51	20	46	84	16	14	25	98	79	48	89	7	60	60	22	61	91	12	42	70	
90	73	72	26	29	83	98	23	14	25	60	28	55	89	82	24	49	29	96	75	47	13	57	22	60	13	45	12	66	32	87	85	84	43	24	19	43	79	26	97	49	22	90	48	50	57	25	54	68	39	21	73	7	54	25	72	59	62	35	61	11	4	78	75	22	26	88	12	95	61	24	12	57	92	53	77	69	7	97	50	94	48	17	18	32	34	63	49	77	68	32	66	85	
61	87	9	20	5	36	70	58	41	94	36	58	45	42	35	96	63	40	63	10	91	83	41	70	14	97	65	58	89	33	62	45	50	26	15	22	98	41	92	3	86	38	64	45	56	64	86	22	22	19	39	64	78	24	30	40	69	56	75	55	62	65	46	79	24	70	25	49	72	14	33	48	20	53	74	24	64	75	7	0	0	18	68	28	36	79	90	39	76	24	48	79	67	
17	45	26	26	65	47	99	31	8	52	98	69	52	72	53	47	84	13	66	60	77	98	86	97	8	52	67	90	25	12	6	61	88	7	95	85	69	32	62	99	10	50	36	78	81	90	91	84	91	76	43	54	72	43	42	85	88	88	91	60	39	43	80	42	11	52	89	16	72	65	93	76	97	53	4	93	69	14	22	67	54	0	32	12	3	42	1	92	22	82	4	6	82	
8	69	95	81	21	42	80	52	66	36	82	0	84	55	42	19	18	54	40	32	26	77	31	54	70	61	6	11	47	22	91	26	25	25	13	2	1	83	81	58	54	71	33	83	76	76	36	37	88	48	43	58	5	57	57	72	4	52	27	26	98	44	91	35	68	97	22	67	44	15	90	78	71	7	49	39	83	92	36	58	30	50	28	2	42	85	42	75	16	5	87	55	39	
43	59	28	94	47	84	23	6	12	11	44	63	42	94	63	7	87	57	81	44	74	75	83	67	88	17	9	57	40	6	47	31	43	55	27	6	9	69	90	92	83	5	64	51	74	8	3	11	52	72	92	24	39	96	6	78	23	47	3	1	82	9	29	33	27	42	66	42	70	47	61	9	12	20	78	75	78	0	68	16	64	84	73	52	85	71	30	98	34	68	10	54	33	
66	66	97	52	16	39	56	86	24	96	34	94	19	70	78	90	4	77	45	27	46	89	1	52	88	4	16	9	82	0	33	91	46	5	39	17	18	68	13	9	94	17	81	78	79	31	49	50	49	75	10	96	70	89	63	17	59	3	35	51	96	54	57	2	61	2	60	63	36	46	41	60	12	26	44	83	23	91	73	46	7	61	27	24	7	63	34	6	24	67	11	13	80	
88	24	28	8	38	67	10	25	65	31	17	65	43	30	18	27	92	39	31	95	8	93	39	25	16	89	61	7	1	44	14	98	74	8	96	41	64	96	22	14	49	9	38	95	91	20	51	21	75	26	36	87	39	78	24	73	12	53	80	56	12	14	39	11	19	86	55	65	45	48	30	54	46	41	2	61	78	24	53	90	89	40	0	76	30	89	56	30	71	6	69	60	77	
10	72	75	29	90	59	53	20	10	75	46	56	24	97	30	73	9	5	49	28	19	53	67	2	87	27	34	32	0	8	25	35	59	52	89	67	71	82	71	62	10	40	69	26	57	59	96	3	72	87	4	5	37	70	34	54	82	44	50	89	51	75	76	54	62	64	77	52	67	82	40	18	84	74	4	34	86	5	6	77	46	11	71	8	2	56	43	7	93	84	84	24	86	
11	2	3	50	12	77	70	4	65	5	36	89	1	79	31	37	1	92	10	80	96	63	84	28	25	72	24	12	47	24	67	86	69	89	9	27	28	42	55	23	90	84	77	80	57	68	24	87	33	62	26	69	94	15	15	53	15	99	13	0	72	57	68	15	88	2	37	17	39	74	40	80	17	27	60	73	37	94	82	52	80	64	22	54	7	28	12	46	17	90	87	84	20	
48	24	45	96	34	66	49	97	17	33	22	23	12	97	44	1	75	65	63	94	94	61	22	85	2	2	35	62	51	13	36	99	80	80	79	61	71	20	45	16	54	46	38	22	41	53	82	87	15	18	82	83	68	0	72	29	40	99	60	77	80	12	48	0	50	78	15	15	71	4	3	46	10	67	32	40	73	11	98	1	19	75	27	87	70	26	87	90	50	41	16	75	43	
59	41	8	29	43	99	86	60	93	43	31	64	36	28	20	19	52	45	96	11	92	11	23	32	76	20	1	49	38	21	89	83	82	30	98	86	63	39	11	88	28	52	49	97	45	98	38	65	27	69	39	42	59	29	61	94	44	81	6	29	12	53	80	63	2	55	48	20	41	41	45	93	56	46	14	89	49	5	6	2	73	96	23	33	75	3	27	28	89	45	84	65	64	
84	26	53	34	33	11	48	51	51	87	53	45	17	98	95	78	43	72	41	53	41	40	7	20	87	36	2	72	5	72	50	38	48	69	20	7	71	6	22	76	91	99	67	28	21	87	83	66	78	80	44	83	41	25	77	33	74	40	64	3	55	10	7	34	35	4	44	32	49	75	33	39	38	45	86	69	75	3	94	7	78	3	66	56	75	63	94	80	12	79	2	54	57	
57	29	52	51	39	72	9	59	63	93	66	91	35	84	74	86	86	59	83	21	36	83	31	15	42	19	91	29	34	88	48	98	78	67	11	38	79	98	31	30	46	23	87	45	2	0	65	7	22	99	99	65	87	83	80	85	33	67	19	8	71	91	97	19	40	14	65	92	26	85	49	93	43	55	87	39	31	94	94	40	89	86	7	7	16	18	96	78	85	39	97	22	0	
13	78	95	33	53	24	75	38	57	72	80	94	36	38	26	57	77	76	99	87	51	71	7	3	52	67	72	62	98	79	79	92	23	6	38	11	65	46	1	6	94	67	40	33	6	56	2	72	87	19	7	5	7	43	93	84	45	48	2	15	53	58	15	75	86	85	88	94	73	21	83	21	80	19	99	54	74	25	66	68	99	56	93	15	33	11	36	20	97	51	33	49	91	
17	5	13	0	28	38	43	62	70	77	74	23	11	71	30	24	89	88	5	73	34	44	85	22	11	13	65	20	56	35	7	49	82	63	54	86	31	47	2	40	54	14	82	71	39	96	36	51	32	58	51	1	9	92	50	65	22	24	89	18	56	19	27	95	40	19	19	21	72	31	7	10	75	28	66	32	44	76	69	48	5	89	71	87	94	9	79	19	66	57	79	63	43	
17	39	44	35	42	3	31	82	95	69	44	10	97	91	26	5	9	61	18	50	49	40	63	5	92	7	91	85	56	51	55	20	70	91	96	38	11	61	86	18	97	69	67	78	58	3	57	34	95	99	70	77	69	30	49	16	48	72	30	88	84	10	94	63	17	88	48	51	16	83	88	18	95	14	35	25	19	56	90	4	0	44	15	80	47	41	53	81	21	39	47	68	2	
90	32	4	94	26	12	80	35	68	23	13	77	34	79	14	47	49	79	94	6	44	78	93	93	73	3	32	79	71	47	27	70	65	25	17	25	5	95	78	45	5	10	52	89	26	3	33	16	23	21	13	48	51	71	21	84	34	31	0	83	2	25	50	76	69	94	7	79	44	58	81	74	60	84	10	25	69	29	81	4	24	96	88	90	88	73	84	87	37	33	93	60	17	
46	13	51	20	57	24	15	20	84	9	61	15	71	96	20	21	50	51	76	57	29	36	9	11	76	26	4	0	77	68	74	95	14	32	37	17	27	91	1	48	2	82	31	44	74	85	23	19	1	88	67	83	62	48	88	26	93	75	81	17	44	8	46	42	36	30	96	53	49	9	14	45	35	44	65	21	32	65	45	50	51	70	15	69	64	52	91	47	16	31	99	35	16	
62	11	55	84	73	48	74	21	69	8	95	80	75	28	1	27	57	58	99	51	90	38	15	84	1	38	14	56	70	62	14	46	73	85	5	95	60	23	18	92	83	81	70	0	11	19	73	94	80	18	10	30	0	41	77	72	74	98	61	65	88	73	71	71	85	64	70	9	62	83	19	59	16	49	77	8	11	57	3	77	19	21	3	47	8	12	95	93	16	14	5	4	36	
26	80	61	23	97	31	53	60	46	91	8	75	59	13	47	85	77	92	40	73	0	33	8	38	58	98	20	82	18	41	41	52	3	51	13	6	63	55	76	7	50	81	13	69	82	69	26	59	4	29	86	94	50	48	17	82	24	96	59	64	35	19	27	66	65	38	80	95	46	63	57	1	23	85	0	29	29	62	1	50	46	41	69	79	52	78	59	39	15	99	16	47	36	
28	27	3	27	75	36	5	55	75	28	11	55	96	3	24	45	28	94	87	86	8	56	87	5	77	9	23	20	78	34	22	25	44	24	79	95	1	94	60	45	34	67	69	68	64	13	57	84	54	92	40	37	22	3	19	73	93	77	64	26	53	16	90	66	38	55	66	31	17	43	21	80	9	51	91	79	39	69	52	69	65	49	90	96	55	74	62	92	20	20	88	16	24	
48	18	4	43	3	20	12	57	37	47	96	92	51	13	80	24	13	70	60	73	82	61	17	20	61	56	74	80	4	25	97	68	73	90	30	3	97	33	54	23	30	31	62	2	45	87	51	55	7	74	26	78	78	96	64	91	4	74	0	65	25	8	38	95	78	63	24	81	28	25	48	77	81	12	33	92	61	80	31	0	85	0	30	59	33	29	67	82	75	16	81	73	78	
49	15	15	53	56	7	74	25	76	68	61	9	27	9	82	80	94	97	27	14	53	36	88	8	27	24	12	3	20	18	66	36	92	27	3	21	62	70	57	84	49	52	22	0	35	79	55	1	99	69	8	78	57	17	43	11	57	68	33	46	4	41	96	82	9	12	39	73	72	49	43	76	46	45	8	69	12	26	60	41	5	99	68	45	50	67	2	49	77	99	18	33	48	
84	9	52	72	92	35	23	34	40	92	45	57	19	76	51	2	14	25	76	78	26	82	78	74	12	25	71	61	40	77	40	63	99	7	20	5	20	55	94	81	52	12	40	96	5	60	4	59	87	65	73	59	12	22	43	33	28	26	56	90	1	63	71	73	80	70	0	79	39	0	42	32	60	54	29	25	48	22	63	48	54	57	80	8	99	92	27	98	57	79	97	81	92	
37	59	11	73	76	92	76	59	88	19	64	40	31	3	69	28	40	24	71	26	61	82	69	96	28	66	1	41	52	50	72	90	74	78	76	9	98	49	34	98	25	53	0	93	58	26	12	53	48	82	51	99	4	27	54	38	54	20	99	91	6	61	12	83	42	65	68	68	11	34	51	73	94	76	97	70	12	51	42	15	46	47	77	85	67	18	43	19	47	37	87	16	93	
57	93	38	57	37	84	7	85	84	29	28	87	24	18	79	73	34	79	29	16	46	48	41	25	68	67	1	77	61	38	59	73	24	94	12	28	88	31	21	13	34	89	43	20	33	55	36	84	90	86	20	27	79	65	86	47	92	32	1	6	0	43	88	97	50	69	26	97	96	50	54	99	97	91	81	34	55	17	10	98	20	33	52	24	2	3	81	49	35	57	55	85	18	
6	31	86	92	29	97	6	59	68	79	70	41	7	91	63	58	43	0	27	35	35	49	9	47	46	92	3	44	77	94	38	47	68	20	4	66	45	76	42	95	58	10	7	77	5	65	21	74	25	62	87	12	35	19	60	46	63	57	52	40	25	16	6	16	68	40	98	23	83	85	92	94	15	29	37	98	89	19	83	11	76	72	5	42	75	9	48	83	65	51	33	30	82	
63	63	51	83	26	93	23	97	74	19	18	63	52	45	83	94	84	29	58	95	83	57	54	57	12	34	34	36	95	1	47	78	84	63	9	68	71	16	68	28	13	0	13	99	61	63	36	42	50	55	73	35	66	77	80	38	76	68	51	93	8	61	59	94	27	48	10	11	78	9	11	44	74	12	49	94	18	63	2	11	91	25	49	63	49	35	63	66	29	7	34	28	62	
61	40	10	91	32	54	53	23	29	98	37	35	84	41	65	2	36	77	35	80	8	70	20	1	3	87	61	34	4	96	19	93	73	17	38	69	58	10	46	70	31	29	23	58	83	4	59	42	67	16	4	40	43	97	25	89	39	9	15	60	6	59	45	33	8	72	57	13	67	60	56	31	93	75	34	20	17	8	16	17	47	8	23	41	41	28	86	89	33	13	8	63	13	
96	47	71	55	69	33	11	1	41	49	95	28	9	74	5	78	52	21	67	45	56	77	65	24	9	52	98	1	54	88	99	17	7	47	83	5	58	9	7	22	26	97	45	31	7	15	93	10	68	17	16	49	53	56	89	39	10	62	58	85	52	6	44	34	93	77	71	11	16	0	36	48	93	43	38	56	79	96	15	89	87	29	92	74	15	32	17	23	56	49	51	31	48	
76	45	29	8	47	13	57	45	23	35	13	72	79	80	44	24	79	9	60	71	60	24	45	24	47	92	70	8	76	61	3	14	40	27	76	57	36	28	86	61	91	88	56	41	86	69	82	52	50	33	69	11	62	79	86	75	8	56	26	60	95	90	2	45	0	34	57	41	17	24	43	99	26	79	13	58	71	72	92	31	23	79	50	71	0	30	89	70	91	31	26	2	83	
72	76	86	10	18	11	62	60	10	0	52	89	83	57	9	86	22	59	22	44	69	70	87	5	60	89	81	91	14	85	21	27	54	49	36	95	22	10	14	69	28	8	71	88	42	26	80	36	2	66	57	94	61	65	15	86	57	26	49	54	72	33	24	72	37	12	60	7	63	30	7	23	28	45	21	3	78	10	94	60	4	78	27	9	13	40	91	54	77	6	62	82	71	
54	21	53	51	70	69	78	41	76	43	90	82	72	73	18	36	72	66	75	20	3	64	17	10	17	19	21	56	35	59	80	93	34	50	26	30	23	40	48	64	62	20	30	97	44	96	44	47	72	46	64	51	8	17	14	79	82	47	8	7	77	69	85	39	39	33	60	58	58	24	49	52	78	68	0	29	31	29	47	13	82	5	44	4	94	38	11	91	41	99	26	45	86	
27	7	25	63	73	98	25	88	38	16	40	55	9	24	6	81	69	98	80	10	18	78	19	89	46	10	81	28	7	68	39	28	21	91	6	32	58	9	17	80	54	31	25	89	53	5	60	59	12	0	17	4	3	14	8	48	74	50	14	3	3	21	71	7	69	77	56	9	35	40	93	55	99	24	59	16	43	59	8	25	85	70	44	61	31	13	52	80	65	74	70	72	48	
46	63	85	72	52	5	74	42	59	62	17	73	97	78	0	22	31	29	27	72	65	52	28	6	62	90	49	76	51	72	48	28	13	87	79	5	46	50	56	26	59	34	38	77	40	37	82	20	76	32	40	30	43	46	9	28	22	63	86	26	82	30	16	88	81	21	24	29	38	26	9	47	44	39	37	95	86	22	60	96	50	35	29	51	29	6	60	61	64	33	80	36	61	
90	98	80	3	31	58	91	71	79	27	77	28	9	31	94	12	83	68	82	2	20	90	2	83	76	25	29	32	66	39	73	9	33	32	5	89	36	18	92	23	15	84	0	17	14	51	78	12	77	29	86	4	66	74	87	81	36	80	79	3	61	10	98	74	43	33	5	51	72	60	59	80	7	10	92	7	92	86	25	74	31	67	51	54	86	54	16	35	37	22	17	28	87	
30	6	56	15	33	21	96	68	95	58	83	11	64	25	5	10	60	44	88	91	91	75	86	11	94	50	12	25	41	19	43	74	3	14	79	34	97	34	4	79	48	29	48	51	11	71	79	76	64	41	49	59	83	65	16	21	77	3	98	18	59	99	57	64	28	98	58	56	59	62	52	33	75	21	99	10	17	74	26	87	91	0	81	84	72	77	99	20	52	27	99	88	43	
14	62	93	6	33	19	85	9	31	35	35	3	22	36	41	4	62	9	58	13	72	75	90	91	3	3	69	6	45	97	49	85	28	97	95	88	83	28	29	70	7	10	79	97	59	35	88	54	35	72	17	62	78	97	96	87	87	65	47	32	74	38	63	14	49	42	16	8	29	59	87	98	20	56	23	80	40	88	11	25	5	88	61	13	66	37	95	8	89	28	74	58	42	
83	48	56	89	30	7	43	55	14	13	61	12	1	75	29	62	11	90	84	41	53	28	2	38	56	47	86	29	49	78	76	87	89	33	5	92	32	41	40	28	10	69	43	5	70	25	48	13	51	28	88	65	25	92	23	33	63	60	18	36	91	64	85	76	78	57	63	91	80	72	85	81	48	3	81	6	90	67	81	36	54	26	31	86	38	61	34	25	24	62	66	68	2	
59	82	23	35	35	56	64	23	54	59	93	34	69	21	22	65	84	83	0	46	56	46	0	72	5	51	26	32	20	24	30	11	83	14	96	3	98	71	88	20	63	78	61	25	57	17	27	28	97	70	64	5	25	18	84	50	34	20	5	91	8	47	38	5	97	30	36	16	23	57	88	24	61	77	84	40	32	80	32	95	73	24	9	13	15	50	16	76	15	35	66	52	0	
99	4	45	4	98	75	45	54	64	34	86	34	73	83	1	34	94	44	37	28	75	74	39	20	50	45	19	25	24	92	37	44	12	85	45	48	61	96	5	94	82	27	10	65	17	25	7	15	11	49	82	74	96	80	59	69	18	68	42	47	21	39	41	26	58	91	48	65	21	47	10	85	69	84	45	66	90	99	78	6	31	74	74	31	74	86	97	26	82	7	90	61	32	
8	39	36	2	15	68	64	7	34	10	81	39	71	38	66	72	80	69	85	95	15	94	92	86	73	17	6	23	24	58	71	73	7	69	31	38	22	13	80	22	54	23	39	31	78	2	56	14	57	25	34	66	16	6	52	64	57	30	39	23	97	74	26	30	43	53	27	84	6	96	97	60	33	31	95	81	43	4	68	81	42	51	21	95	93	65	48	47	81	86	59	48	56	
75	28	40	65	20	52	43	56	8	96	81	55	95	0	46	60	37	91	97	50	53	88	92	58	95	11	88	89	60	47	77	79	20	84	10	76	3	29	75	89	45	68	79	63	39	47	12	59	88	99	14	45	76	85	93	67	32	61	47	34	3	2	90	32	18	95	34	89	24	64	48	55	88	65	68	38	51	60	17	94	25	23	27	28	44	13	48	32	86	90	75	8	97	
54	27	94	88	43	69	23	32	67	78	36	76	99	21	83	59	19	40	64	93	92	68	75	93	32	94	69	54	26	94	50	8	1	85	60	34	19	11	71	19	83	70	86	10	39	5	79	26	4	21	48	67	8	7	69	15	70	36	34	34	78	29	48	21	16	46	32	97	19	43	28	72	95	83	59	81	60	37	58	66	58	4	16	11	37	42	94	46	30	33	3	13	73	
62	7	52	91	96	29	24	24	82	27	21	45	1	26	73	18	33	99	18	46	81	99	22	54	1	12	13	70	85	20	8	68	57	3	85	33	62	3	28	72	23	36	69	23	80	78	7	66	20	82	53	20	44	93	88	84	46	44	74	28	72	85	98	9	46	15	72	84	60	65	84	17	27	70	19	26	48	29	2	59	99	64	52	56	10	29	15	97	91	9	59	53	94	
94	43	66	40	88	13	74	38	21	44	87	22	9	77	93	85	94	75	61	73	76	44	90	18	57	6	16	96	92	18	52	19	0	0	7	8	25	32	36	48	98	89	65	76	38	53	94	96	64	9	4	12	23	15	5	56	12	50	13	43	84	69	35	76	81	72	42	70	11	72	82	63	60	71	43	12	73	0	99	75	29	21	37	46	29	90	6	36	86	81	29	14	98	
85	60	4	22	12	81	57	61	27	79	97	3	68	25	83	89	42	9	16	12	70	75	43	65	93	65	22	35	86	19	85	53	10	64	11	87	3	47	98	60	11	20	60	67	82	15	68	62	75	24	42	81	96	38	64	76	8	98	50	3	78	83	34	43	84	2	21	41	94	40	21	16	93	13	35	20	77	54	52	66	87	44	57	16	92	58	53	97	75	0	93	6	80	
69	55	12	15	48	82	42	20	29	57	56	98	22	50	78	20	81	83	86	86	84	5	85	81	56	94	13	97	36	21	96	73	6	36	25	15	0	78	4	57	89	99	0	36	3	85	97	27	9	85	0	32	17	91	4	67	35	26	19	80	70	20	1	88	21	2	33	7	35	46	49	90	0	30	61	32	47	89	65	47	72	73	56	56	11	81	36	11	60	54	47	18	2	
37	21	37	70	73	57	29	89	24	22	98	59	20	71	18	3	24	18	91	76	63	13	24	78	5	27	84	93	70	27	73	56	32	52	73	66	65	29	84	62	38	96	93	56	42	53	14	51	48	84	31	76	85	68	10	93	78	88	63	72	41	41	11	7	38	34	87	16	29	88	95	69	7	38	8	41	55	3	60	87	64	23	64	9	93	97	60	78	36	4	35	76	76	
69	65	32	37	16	44	60	34	19	15	59	79	23	51	78	9	14	31	31	80	36	50	10	71	58	80	3	43	97	5	14	30	84	12	83	71	36	95	6	72	33	81	20	90	53	36	29	5	34	5	82	76	17	83	23	1	22	27	69	47	68	4	25	40	69	66	80	6	83	37	83	66	14	15	24	53	66	74	28	98	82	40	9	28	87	77	92	65	71	85	3	25	85	
12	13	26	13	3	38	92	17	48	82	89	4	94	83	30	20	22	86	42	75	98	80	49	6	72	62	56	65	14	55	16	52	14	94	47	56	53	22	68	27	19	3	68	76	6	8	79	2	22	72	18	52	93	15	17	19	15	96	33	21	74	51	47	77	41	68	21	61	95	65	99	31	99	79	64	29	99	92	67	3	30	57	73	18	74	1	46	40	78	62	37	35	33	
20	0	65	30	76	77	8	45	64	47	82	6	53	89	12	60	11	74	53	32	1	41	16	93	31	31	66	70	36	36	94	27	38	55	74	68	42	90	98	98	66	42	17	96	17	79	60	67	37	28	39	11	64	3	79	2	77	80	22	98	55	89	70	0	40	50	33	75	92	2	23	4	9	38	82	36	11	29	10	55	41	50	29	96	74	58	82	85	7	82	86	91	62	
93	44	27	4	50	70	92	40	14	10	37	2	89	95	50	96	83	49	27	20	90	15	13	48	15	34	62	88	51	16	92	97	55	40	37	52	40	66	22	93	69	28	75	69	38	98	11	67	99	67	77	30	42	88	14	29	50	43	45	82	17	82	81	13	73	5	23	65	71	55	90	31	52	64	52	82	29	65	6	96	7	48	95	47	73	70	13	30	78	23	6	71	86	
46	71	49	9	72	79	34	71	19	31	63	35	14	73	57	15	50	99	79	12	85	98	27	43	4	49	90	56	21	92	16	52	86	13	33	83	16	38	97	48	0	5	3	45	52	18	81	38	75	19	5	57	58	86	45	52	42	55	33	40	23	61	29	66	24	0	85	76	30	44	44	14	32	5	62	11	91	39	15	84	82	46	53	63	42	19	42	48	76	53	47	65	50	
7	97	69	19	11	2	84	61	9	36	65	37	22	13	49	98	48	19	64	1	10	56	14	41	33	90	92	38	59	12	52	73	71	73	35	14	10	91	71	10	69	37	90	73	13	94	22	87	60	0	2	99	57	24	57	0	64	1	18	36	4	1	17	12	17	37	14	43	42	80	60	77	60	39	87	70	25	60	31	66	73	44	22	84	19	59	85	15	68	2	92	11	28	
17	7	72	17	5	44	49	18	50	52	44	58	21	46	46	23	23	36	72	42	69	60	3	39	24	46	53	44	19	45	9	44	69	11	89	87	17	15	96	67	12	2	50	26	64	38	31	61	7	64	40	58	92	56	82	25	24	47	71	10	90	77	55	43	31	77	34	39	24	46	11	12	70	40	25	38	96	47	59	38	29	40	91	6	93	11	64	90	34	93	16	80	36	
44	37	53	37	44	68	81	47	17	16	65	40	51	5	96	1	22	17	63	96	52	69	83	39	8	93	29	74	68	49	32	28	75	63	83	59	17	2	29	42	13	30	7	43	90	35	81	94	41	13	66	33	47	65	47	80	75	37	27	8	87	41	92	63	48	9	60	11	32	69	79	85	72	61	66	46	63	95	62	24	54	62	87	26	6	7	19	38	44	23	7	25	59	
93	65	62	85	36	49	7	52	84	26	63	0	33	52	41	87	40	97	36	68	86	81	89	53	96	87	50	7	45	57	80	68	36	3	43	17	78	33	34	78	32	60	34	39	98	83	77	25	43	39	55	23	60	16	53	35	92	83	51	12	86	58	41	45	35	46	34	80	68	65	24	38	89	39	84	91	68	55	60	42	99	16	0	51	4	49	31	5	86	22	31	20	78	

Strassen Multiplication Result:
172173	139269	156514	135363	138354	151158	156004	150962	163167	139702	163877	154090	144628	157303	143920	147947	163589	177597	180260	170790	183499	191950	144278	145478	169059	162419	127582	146020	157630	133946	159416	174243	143720	138354	141232	149674	140981	142923	143456	152024	162119	138213	144502	167952	162089	157249	159998	140708	151095	142454	149764	163634	164176	168217	160640	163888	151180	165854	136285	136067	181326	147957	173570	156820	140006	152682	140188	154972	166247	146575	150654	164422	158574	141746	155066	152167	171514	154516	156585	153974	158102	152587	142728	156001	144043	151896	173855	165585	172228	128849	152019	155479	167924	
162783	126449	152477	119061	143461	140181	169761	128949	152759	143059	171692	143337	147073	159502	140382	137586	151214	169442	172471	170580	155349	184642	151821	127657	150358	142811	131753	147125	143981	138040	150194	171003	146258	143172	138387	147795	136137	142324	137273	156136	151689	145704	138943	178243	143260	146403	160420	145110	171894	149276	130733	151809	146476	156133	149677	158141	156009	159027	135138	148686	156055	135796	182774	161416	136777	151692	144220	146884	162266	150084	160021	164634	164074	155470	146290	151750	155803	141063	147528	162464	139411	137241	142367	147076	136790	140738	150857	158685	155639	153388	142744	148933	167194	
165534	127731	147431	137596	146001	153980	168525	138975	162193	149930	170111	150221	135429	166874	140321	142909	156018	167973	177298	157972	168105	190627	148963	137938	158961	148445	131713	145525	151744	144526	155321	178217	140913	142302	148914	142688	141036	143790	134588	156016	146854	135170	142001	192424	152804	148698	165649	136875	154892	141733	126644	159054	154153	161592	145168	159362	154763	160605	136398	134169	160538	141565	170531	157734	143731	156029	146608	149499	163459	151234	162501	171521	181457	156164	136516	147689	175128	141839	149895	155539	168874	145999	147925	145057	151704	140541	163900	157923	176754	151091	162889	151406	174184	
159872	116937	143662	129350	119778	139616	154593	133682	144785	139809	167708	132288	126219	165739	137255	139997	142465	162603	165032	146941	163581	174840	130020	133759	129864	131022	136911	135814	138752	132047	155466	170783	157167	130216	137483	134398	137862	138892	134527	152502	138494	137844	148877	165251	141210	147274	149262	130318	148915	150711	134051	150722	147887	160386	155471	147055	148892	150073	125841	139123	150725	132367	170595	132097	131018	132723	136470	137561	146191	141028	156558	160802	155788	139328	138137	149105	154568	145294	144808	147692	145057	139442	130638	132367	141340	132574	154990	157210	153615	136048	144635	155177	156409	
182865	133914	159711	146760	152828	171612	173006	166740	170840	162767	192699	159708	159265	194119	153553	151478	162841	187874	195384	176882	181705	197645	162333	140594	172222	150628	152469	165305	167054	155713	171040	188348	164178	162256	146414	167724	154787	164339	161107	169113	147255	153259	168794	190736	153313	162637	177189	154977	163818	171334	150982	170908	175125	179711	163265	178656	164764	195361	150614	148621	170382	144500	194515	184568	159783	168778	160987	165983	182250	162406	166930	182995	178279	160448	163373	161035	195197	164063	169032	169850	169063	168301	160541	164837	170928	154290	192647	183968	186873	163934	175949	173578	190196	
157240	112315	142993	129662	134604	145512	159671	129355	147663	144277	170208	146164	141040	155542	136696	137004	155967	172816	183011	171875	179281	187640	155522	136263	134574	151828	148193	144127	145001	145318	152329	176876	144509	146496	134487	145661	138791	137939	141305	166618	159277	139514	153314	170835	142834	153113	160572	150952	151832	143386	125847	142888	143406	155934	146505	161237	151563	160753	132520	135688	160284	142916	167829	148189	134290	149709	141204	148603	151560	143523	155440	167895	167318	154121	151438	157355	160707	150806	151386	154057	149870	134904	146717	142857	139871	129519	162878	162630	173816	143350	147885	147013	173141	
157140	132246	161674	134569	140625	149266	160511	134816	145094	136562	180770	142058	144673	170209	130766	145327	165395	165835	182802	164087	167891	186591	139986	132879	142858	158486	141624	137467	136148	154614	160309	176631	139044	149849	132792	137929	144104	149643	150317	160074	158203	141437	151309	163512	144215	138714	161038	138879	160164	132952	133151	155264	151647	161242	151505	161123	151079	162999	124232	133785	165927	150060	153439	138133	142790	147280	147490	153920	151202	156557	152692	159541	162899	144679	162155	149525	166558	138760	157010	167049	162441	137021	131077	147588	142669	145607	180838	160199	166820	129399	159914	149881	155746	
209620	168986	188665	157076	170068	185465	195966	167904	195251	176610	214595	190412	166713	201776	182949	178938	193070	215514	218343	201641	206698	235045	173593	176822	189271	196839	159240	180297	182694	175816	197152	214464	179751	173981	178722	160861	181518	180454	177361	189424	179354	179085	179313	205801	184620	194324	203654	172953	188838	181008	163513	198641	188106	195234	199856	198539	183288	199362	171660	165129	203462	168713	201460	190428	184017	172954	178043	182940	194058	178309	188739	199017	198211	184950	195710	188810	211450	192165	191429	199472	209456	180586	176270	189784	174038	170348	210963	208359	209209	183341	193807	183312	213005	
141601	122527	144671	134758	125820	148273	147165	131988	141550	136169	159859	144198	126989	143939	138972	143682	150626	153058	174265	138733	149679	171884	130948	137312	138871	136877	128506	135585	148694	133205	155587	158114	126274	151250	116912	125314	124175	131850	138422	144517	147320	136049	141478	162546	131279	140124	149715	136911	145166	133209	114298	147312	141842	141647	154497	143644	146839	160373	117716	114171	152235	120099	157326	132441	129855	136089	133229	132231	148468	138424	144787	154599	153073	132385	150835	140838	151659	144454	132598	136554	156440	136276	134690	132299	130574	124886	162093	155225	152240	136719	136308	119886	154131	
180452	137080	159527	146362	158531	169816	167958	137908	168502	135881	184559	153284	137645	177596	152606	152126	175798	194025	189876	156137	176848	202611	156067	155268	159922	155747	130520	152929	140097	152064	165245	179987	157576	147532	142746	153762	142277	157619	149486	187370	147809	151722	149793	175571	163707	161310	172000	135981	161430	154695	136868	160270	143745	175850	158366	174424	162284	168348	141015	140114	167313	144820	184920	161069	146898	158851	156922	161166	171969	158758	166754	167437	184627	156598	158844	149045	186108	144482	155267	166441	166892	157941	148699	160014	156543	154393	172591	177726	175336	155038	162894	155440	175301	
153248	121325	160027	123610	143204	144143	157749	132383	155787	141716	173558	147062	127729	174758	143170	130980	150306	170236	183453	160995	176657	196038	144501	134030	140667	144777	133796	144497	142711	153307	145011	170020	146220	147123	144652	147224	135899	133197	149583	154291	155402	144838	146544	164550	137301	150737	166070	145167	154981	155672	142191	154138	158016	156387	163510	158177	152464	163381	139176	125004	180568	151642	179702	144927	144128	153667	136025	154649	148766	148329	155734	174336	160636	152334	158728	139023	178165	157072	158715	156001	148513	142533	156516	137336	147639	133549	166521	168259	164920	149744	158571	153483	159272	
158628	137002	157994	134706	138622	148246	156902	143632	153783	142995	156171	160520	131177	175082	140785	149371	152053	175441	171660	169095	174426	191777	151101	137054	155741	150846	140064	143887	146385	137648	145511	171080	152559	147883	140137	141883	146192	139055	156394	145648	148245	145463	147865	166225	154700	147023	166343	132288	150657	151441	144622	150571	160616	156601	158174	148942	157002	166170	133757	144889	174108	148950	173880	158359	141581	141451	142527	148368	161089	146805	154483	157499	161116	152263	139760	152150	169246	143317	157233	162255	153251	151943	140316	145609	135393	133421	165138	170348	173082	159751	148851	160414	163170	
159260	137320	150993	130386	148068	155770	162862	140238	154179	143353	171325	166610	133345	157262	151819	147263	165032	173443	182487	161918	175806	195753	149452	148564	137581	157065	136320	157790	153292	133838	151996	175219	154097	133859	142338	135820	145572	140484	145647	158363	151919	134566	150302	165855	154708	162342	150777	153137	154295	149504	130794	149827	143672	163542	153834	167585	150808	153597	139859	131635	161580	144938	170269	161337	144345	141624	148231	148972	149614	145535	157610	158803	169898	147578	157624	158744	164130	151799	151054	159581	160093	143861	153533	148375	137654	133079	158946	170428	171496	151699	143664	148936	184444	
154504	140103	154777	125139	133395	151241	168997	128876	148609	151978	170090	150227	142133	167071	132398	151278	167498	160729	171684	159796	172692	190537	137517	130073	152709	165022	133788	141578	147453	141825	152262	168768	128957	127550	137763	138286	141079	133288	146630	141631	150821	123321	140907	179052	152523	148976	163275	137294	152460	134326	125644	150483	161383	164655	148593	171083	133186	161160	134634	130249	168742	146403	150100	151706	145783	146735	148454	138781	159779	146198	155241	152335	161463	144306	141744	146846	182861	145244	146387	156885	170040	142453	149050	143700	137908	136316	158715	158449	174283	140572	152781	152579	170063	
168898	125729	153967	141816	148020	164764	173521	150593	149227	142256	170156	164395	141877	174664	149963	142997	169231	168480	184931	168821	171915	194533	151695	153646	142359	147148	146516	161460	153257	142528	158498	195605	166639	153461	152439	153767	145906	155967	154955	183243	151782	135665	155358	201855	159929	170640	149610	154100	151545	163601	151088	174037	161242	176786	156198	171795	157559	176328	150728	147536	158579	142637	177811	148033	143106	156824	145859	147912	166694	149042	161994	174467	161355	156036	138725	169890	177456	145316	155590	157515	167681	164536	153346	148188	166752	153690	178620	183751	187295	157346	166417	163202	189799	
144878	118748	132967	126845	132929	148566	145877	143881	138762	144573	149561	152942	129843	152555	136638	134220	146069	147939	170661	153669	162982	173301	134977	134319	146494	139387	127707	144452	132531	125454	136941	168923	135113	143147	141580	135014	148021	130592	134098	140694	140441	134164	148465	159834	144524	137608	154027	144180	140543	151776	125679	145282	155529	153342	146120	152281	152032	153404	124625	125655	149157	137492	160379	134571	131819	138661	130778	129573	142430	139853	149421	165546	157470	145381	137855	145615	152558	136801	142140	141991	146581	135204	143696	130844	131610	127859	166801	161723	153209	130468	144218	143846	152965	
141809	122965	136222	106928	119264	125885	152934	114855	130974	127285	148003	139668	131198	150044	128740	134569	150038	145085	150255	138982	153777	171807	130206	115750	130833	126427	121210	131098	127420	119453	136426	152885	124585	133415	126677	117877	127192	131047	136893	132140	133288	118822	140073	145486	127331	134093	138622	119509	146041	140169	117201	125149	136724	145098	141822	141016	136295	141762	111624	123135	139417	122396	148677	135146	126553	117316	116361	130394	138644	126384	141617	143399	151614	136191	129632	159962	151150	128151	134868	139129	136757	123773	137590	123485	126073	121164	135999	149165	149386	123325	128773	124830	149619	
169615	145695	168939	133642	149893	156435	173885	154263	166712	155683	190352	165403	147701	177577	157275	155444	176378	177246	201900	179050	186400	200284	161560	150344	163166	163010	155201	167928	172622	152251	175416	189545	159255	146688	153552	163599	147803	151370	167716	177975	160024	156266	163594	188833	157617	189803	168661	174346	178025	171015	140868	159839	174165	179218	184335	183444	171698	176638	152205	151535	167593	150555	175104	175053	145767	154787	157855	158045	173004	156521	168222	178903	176897	158061	162160	173695	188571	146511	163283	182320	177331	156259	164926	163402	162435	148710	180207	187464	186011	153190	174950	168717	193379	
162688	130749	154154	141111	139196	151524	172379	139555	157842	149043	177942	153864	127026	158253	135296	146902	156697	170891	195234	156122	164211	203022	154057	151748	150232	141806	143031	136432	154038	144840	155870	186494	161199	139465	142088	158587	147355	149341	157935	166831	146672	145593	154028	178763	146286	152181	154770	148725	170809	152168	129397	161086	154360	164283	165737	163583	162587	155171	145311	147244	153269	145675	176137	153677	143931	170665	150866	155628	158448	157681	165353	177061	164814	151413	155609	155415	171030	144692	146501	168386	159709	145028	154397	156112	158989	150001	169115	165033	174339	161016	168449	161595	179577	
156831	133037	140936	127045	123840	142722	160171	138984	143605	124725	152183	144058	141443	162750	136776	134028	150446	171681	168994	158025	161662	173932	133441	129056	148033	151685	131959	141521	139668	138630	147481	173734	155166	148749	126594	135059	133729	150441	140282	145460	139290	141484	143524	159276	151430	143692	148896	131702	144449	139126	139986	151813	137778	162355	146354	150420	143814	159127	122469	133745	153802	125659	162784	155334	135372	137744	137634	145675	151018	145756	155283	158789	153973	139843	155357	153726	161710	150080	149191	143616	143514	146487	126324	156648	132151	129977	170198	156624	158362	133086	146261	144195	146248	
160822	129286	154700	143085	137922	159933	151227	144687	158354	150962	175014	167697	147934	166157	138265	153471	154649	180514	179996	162523	160518	197560	139725	136259	153644	145486	139395	148590	155308	143480	151253	186776	153256	146472	136440	144513	145626	151000	147836	167127	151788	136651	155400	184555	149986	161357	149108	143504	154086	166320	138790	146836	152136	167749	164957	164802	167149	167370	139516	135161	157599	142400	179224	151233	145019	159913	146220	154240	174555	142957	153680	162765	167511	151255	156380	157139	167986	149713	136064	162126	165813	147273	140272	137304	145519	134044	175751	178264	178630	153326	165436	149726	179005	
164872	139909	168815	135445	143786	158026	171529	146300	162619	153689	177729	154614	148062	185349	140416	160056	164127	180232	194664	177548	188001	195437	164751	149625	166318	154269	155902	151737	159906	146661	176232	181005	148860	156819	154662	148051	142974	156100	149480	157085	175100	154006	169170	187397	151805	162370	178862	157290	171152	150401	135793	159881	156258	157330	162822	156793	160231	167848	136437	146573	182987	148149	183565	160345	155728	167473	147093	156656	160153	151798	164107	171826	185297	153971	169719	163457	179386	160857	169017	175347	163797	149839	151456	160052	148394	147779	178891	164794	178135	162769	169714	168268	176039	
162439	137853	172954	145478	148935	151322	154880	147278	164874	148609	166221	152033	144217	165403	144164	157561	157226	173392	176962	167317	163287	187567	149290	142492	165632	153469	138988	146298	165464	140557	150994	164141	153416	153027	158487	157553	143968	156434	151129	160386	157420	157150	164840	176593	164444	164596	160816	151398	163101	161134	141578	154356	154055	170405	176149	151342	170807	164023	154112	140423	169257	129942	184547	152079	144759	158940	156146	144874	166183	156490	154804	167459	160467	152053	168218	162776	172719	155291	147323	173787	159817	149088	143739	169985	138634	145566	183209	168698	163177	156177	162889	148822	174210	
168906	146225	163811	139072	145118	151720	173772	141066	152787	142938	180398	150386	147169	162835	154899	153537	158504	179817	191461	165313	177885	199954	162394	146378	166199	162409	141171	159828	153801	148301	166480	182038	148314	143302	144373	143350	136558	146975	159278	170671	139376	147254	149530	174444	160897	159588	162902	144491	162488	158144	130735	171785	163103	170484	162884	156233	162494	164926	139465	145584	162054	144876	183918	169220	145879	166317	148200	163493	167004	156793	173052	163357	190607	157238	160126	147287	183272	154970	150681	167640	164347	148749	156349	151516	145102	151994	169674	166824	178165	155397	165786	150190	170301	
167575	123116	155644	138533	150360	154553	165652	136397	155057	141465	178515	164434	136944	180587	151404	153775	164905	176053	186236	171878	174057	183510	143628	136643	161770	151018	130695	157187	150982	133580	160488	181969	158929	151876	143100	140410	141271	160605	149839	168100	172641	156032	160295	170041	152772	171190	152409	156678	164498	159292	136297	164367	159428	155586	158706	148745	163585	172189	133493	145628	164532	138395	179735	149787	151348	153973	149733	148226	165023	158177	160791	173247	167681	161538	151208	169911	173045	142385	168785	162381	161331	145899	151570	155444	152053	151864	164429	180960	166072	166910	145613	154057	172250	
154902	127514	154658	139392	132809	146639	168300	138841	155839	137265	161937	152598	133555	176696	144178	136142	153040	177308	162073	160975	165328	188671	143646	119094	154515	144889	126347	153621	138615	133271	150283	177538	155144	146295	134014	134425	140535	142765	150307	157952	149434	134135	149485	167006	148126	158268	147592	140856	155876	154252	136712	140607	151962	162215	147616	156863	150226	160100	120601	131212	157466	139025	178036	155310	141145	148238	133903	149144	169913	150312	164362	155736	169993	145371	142432	158127	172354	127989	160028	143872	150455	151178	140838	147765	144795	133050	155109	174033	167977	148697	149154	161841	166420	
164209	144364	161633	146835	146187	164123	172366	144328	151766	153839	178102	169585	154558	165570	155436	164434	168927	175763	188766	170364	175981	203394	149010	150480	161289	165091	137466	160766	150807	142956	166245	181658	163292	156889	151348	146001	141962	162072	166234	165139	165359	141156	158105	174258	163357	156538	155191	151974	167627	155010	146172	172222	161639	162183	163750	165648	158590	174430	138075	149580	162311	135427	181987	148524	157371	156692	152092	158639	161424	163542	165503	170877	180360	162137	157060	179997	181582	151832	162566	166017	166974	148685	151543	155348	152840	147715	167891	179652	172843	154664	155851	145845	179201	
173282	135566	166156	143813	152754	155627	183055	148738	163470	146264	182292	152913	153741	169436	148747	136943	160517	181878	198126	170423	186796	202169	154450	149433	155126	151743	147482	161950	160957	161315	160678	178574	154331	153466	156238	152279	148262	136323	150507	178569	157827	151429	157232	186449	157812	157175	171554	152118	164923	151683	142302	162549	150909	162092	159594	175907	165586	169511	145153	131251	175120	147099	187637	157683	144904	165676	158938	154857	156194	163032	178202	176315	180598	159380	165567	153200	179811	155392	159950	159798	169282	150246	147312	145944	150911	137745	175756	176783	189684	155322	158891	154414	192808	
172056	143031	176361	146284	136806	159457	180085	152044	171674	160243	185237	177050	163444	189120	150894	169840	165338	188979	180968	184594	183857	207082	156196	149237	178634	169564	143446	156949	153309	151189	172797	199623	155031	171312	149726	151313	156113	163241	148342	166391	176104	156754	166130	195280	162160	176059	177316	154299	169744	170235	148928	169696	166014	183605	177579	170159	174905	160846	138799	154193	186265	154288	180118	159655	161664	158602	149066	156778	176608	158153	169883	186680	183812	159351	163258	181982	175637	166561	169628	175051	173537	153033	148444	159491	153635	153820	195550	183912	177084	161345	174334	175630	177912	
169731	130212	152397	139376	140556	149160	165459	146759	170059	146301	175609	164657	148588	169823	145740	152146	164804	186852	187772	169770	180851	199978	153172	131956	159570	148140	142609	150088	159975	149043	157258	192384	153836	145809	142099	150553	141604	148870	147600	156567	155393	139163	158247	185467	158980	154357	167968	144214	157410	159341	130347	170328	172084	169126	158253	174510	164856	170417	137237	135404	169771	150537	180280	158263	139899	151442	150823	152879	159375	162393	157487	175408	174173	153633	150876	152138	168597	150996	164881	160358	173852	149468	139596	149295	144268	143634	178158	178262	179669	139492	171281	153656	166723	
149985	132074	143491	122592	127367	132552	162950	128667	144403	161946	165552	143755	124665	159876	143512	151693	141170	167580	153394	154299	154762	192397	131612	138826	135591	150817	131726	134822	137903	124270	138218	177343	162293	127774	138767	126697	142285	145269	156395	148856	153870	135694	148139	176688	155011	161843	149272	144874	167827	143818	120473	162068	149673	148525	155822	145299	149612	148473	144445	140739	149507	141203	162152	135690	143355	141964	129046	142876	160383	141608	145780	145208	163149	147238	137806	147894	153875	140747	136920	163405	152025	126477	140203	134272	140959	140862	161331	168814	158209	156232	154262	154253	169124	
169615	138274	164464	142932	142013	163287	185012	152028	152813	159097	180222	151211	155411	182929	152788	163276	169827	164117	191076	182675	190831	204145	177838	156532	161167	166784	158478	160073	161302	136456	165741	188534	156052	156928	155299	162371	147978	145805	177401	165646	148816	142439	165354	187750	172777	173430	178080	160515	163206	156286	146745	169631	179791	166027	169135	164685	165297	182891	150677	158058	181402	156552	182666	168137	138938	161057	148464	156978	175686	155745	163678	168856	190272	169019	147000	174904	188482	155171	168785	158781	161802	151535	166145	162040	154451	151363	172774	174751	180267	163430	153461	160355	192111	
170191	127205	158107	130688	151095	161831	171485	147452	168415	151972	186426	148419	152110	177210	146527	142490	170025	168822	193269	180152	174199	196829	160991	147297	155630	146649	154255	158078	163832	141627	163168	190542	162504	141128	166162	174101	156118	153214	157187	174614	147454	145870	164606	188573	164431	174234	171589	160166	173577	162044	145081	154367	168407	173308	167757	169142	176972	176643	157512	151266	172598	159787	198348	160784	140941	163214	152209	144474	174413	158255	167378	166465	174876	154917	157409	162115	167441	150211	148372	174749	169099	141265	152685	160434	163274	153631	176818	184908	176803	152433	161437	166992	184849	
164016	127426	146385	142935	139176	148747	158464	149568	152275	141216	168077	149101	144104	171556	131719	141584	155822	172104	180382	157105	171584	192021	135891	146360	156654	150830	146143	149128	144882	143231	156090	187580	150571	145567	147311	140102	144149	146241	151076	156783	149786	131086	152580	182611	154720	153766	145199	145669	156704	153917	135892	161735	168401	163045	158282	154329	155194	163334	135164	135703	150581	138721	159738	140820	142965	148010	134001	151421	158534	142304	152791	167777	166520	150211	153623	155899	169793	140988	159351	157277	157403	156846	146363	155670	156159	138908	173111	168378	167872	133179	167371	161245	172288	
169928	142814	172183	139540	153896	155135	175905	149627	174589	155886	204521	162353	149299	174736	158059	156634	179588	190507	200513	180769	191155	210436	163676	149322	171837	150071	142555	157139	177549	143113	165752	179273	149242	153232	161608	154760	151063	153501	153978	170440	158831	157270	163381	187236	159822	173748	172008	149451	169482	173226	144506	171321	174809	182658	177901	177391	165523	177785	165517	135125	189491	143056	184294	169836	155591	163199	165379	152256	165812	165079	169825	176810	177335	153381	175581	168572	185709	179532	161766	181996	185165	154642	168618	160482	160618	151128	178364	181116	185970	166450	167617	149221	185733	
164241	129880	162938	140749	152185	166869	179234	154921	171324	156937	188823	163222	159464	190006	142945	146902	174230	179656	195940	168086	196538	192136	157818	155994	166337	150737	145972	168973	156290	142487	173893	190564	148920	172662	153455	153914	150850	158537	160003	182847	176206	153628	169501	196437	152413	175172	164842	162445	166178	175955	145669	160822	174416	172142	167559	169873	158897	181310	137732	149779	179480	154739	180483	159725	144446	160006	149939	158686	157115	163555	171279	181269	183436	162632	159158	177491	167960	164396	167712	158102	150610	157026	149714	158022	162395	141240	178850	177292	173331	163056	159628	157980	180509	
157797	121024	146826	128419	134280	148310	164375	129212	153101	142748	172617	133684	132821	163055	143470	145436	156386	162021	169029	159503	176962	182227	155632	137005	158821	143413	130451	127437	146707	132490	161893	162386	131212	150103	138058	129758	139720	134926	132887	153277	157147	149206	152743	167928	150501	145896	164046	145362	153537	146928	133037	153084	153597	155320	156969	155984	137444	164980	131657	121781	178435	137047	162678	145221	144042	139222	144523	140734	144076	150587	154519	165105	166161	140104	157683	160342	164063	164893	158573	147113	160062	147230	150058	150902	134163	136371	153872	148669	161888	149017	145146	141117	166052	
169276	140923	174708	152205	150579	153115	175429	149575	151413	153047	181741	173881	140062	178830	152193	146040	164835	171200	199066	183563	183545	209899	151791	155088	149971	171965	152037	160356	157960	158319	149474	196673	164685	144047	156127	155191	149938	148949	152956	166222	156195	148787	158280	185087	158243	162538	176137	158792	160114	161270	145203	164693	157922	179472	169505	175485	174541	162723	142828	154662	178361	153657	170927	152801	152242	152920	159789	148897	167843	159200	180124	187193	171590	160111	154719	159889	184350	157420	170835	163687	179469	156019	153628	150526	142220	149353	177339	180862	179425	141360	163363	150792	181852	

