Matrix A:
0	55	1	45	68	94	3	94	23	
64	91	90	15	88	77	47	84	80	
5	93	10	71	60	37	15	52	6	
29	53	37	32	17	65	21	30	47	
3	74	21	42	86	91	2	96	77	
10	94	79	56	42	66	84	72	61	
76	12	5	57	65	86	90	9	83	
37	64	79	3	75	88	32	47	28	
55	24	30	42	85	80	80	57	62	

Matrix B:
39	29	
93	48	
13	71	
14	78	
73	60	
8	95	
49	10	
11	96	
55	17	

Classic Multiplication Result:
13920	28676	
27006	36273	
16281	23216	
12694	19592	
20255	32756	
22800	32358	
19450	22826	
18268	28156	
20157	28179	

Strassen Multiplication Result:
13920	28676	0	0	0	0	0	0	0	0	0	0	0	0	0	0	
27006	36273	0	0	0	0	0	0	0	0	0	0	0	0	0	0	
16281	23216	0	0	0	0	0	0	0	0	0	0	0	0	0	0	
12694	19592	0	0	0	0	0	0	0	0	0	0	0	0	0	0	
20255	32756	0	0	0	0	0	0	0	0	0	0	0	0	0	0	
22800	32358	0	0	0	0	0	0	0	0	0	0	0	0	0	0	
19450	22826	0	0	0	0	0	0	0	0	0	0	0	0	0	0	
18268	28156	0	0	0	0	0	0	0	0	0	0	0	0	0	0	
20157	28179	0	0	0	0	0	0	0	0	0	0	0	0	0	0	
0	0	0	0	0	0	0	0	0	0	0	0	0	0	0	0	
0	0	0	0	0	0	0	0	0	0	0	0	0	0	0	0	
0	0	0	0	0	0	0	0	0	0	0	0	0	0	0	0	
0	0	0	0	0	0	0	0	0	0	0	0	0	0	0	0	
0	0	0	0	0	0	0	0	0	0	0	0	0	0	0	0	
0	0	0	0	0	0	0	0	0	0	0	0	0	0	0	0	
0	0	0	0	0	0	0	0	0	0	0	0	0	0	0	0	

