Matrix A:
71	96	4	18	71	23	45	80	25	47	30	40	58	28	91	3	29	27	66	72	62	92	55	38	88	16	41	33	21	34	92	82	16	48	55	25	31	45	82	54	87	21	56	28	0	45	78	71	50	49	92	72	22	8	5	95	27	4	79	57	0	15	70	8	38	22	53	48	72	64	67	7	83	11	3	77	97	51	47	27	33	91	7	54	
4	63	2	69	1	0	67	56	39	83	46	87	21	81	63	79	41	15	44	39	36	43	18	67	35	86	33	58	72	86	96	91	2	3	97	4	42	81	43	34	14	43	38	16	92	75	76	98	96	83	73	85	51	26	10	70	76	39	36	57	72	19	47	69	51	55	98	75	39	7	77	23	65	70	54	6	11	94	10	45	71	79	51	58	
7	68	27	51	14	49	52	72	28	69	92	62	14	57	49	30	36	18	34	12	40	0	64	22	3	63	35	36	60	23	21	22	53	69	41	16	83	97	10	66	22	15	59	45	29	93	47	55	76	90	2	99	95	82	66	20	56	55	8	96	2	24	35	72	28	88	32	43	89	18	1	72	70	5	63	2	67	55	71	44	63	31	12	30	
42	47	27	75	65	36	77	43	72	85	78	29	85	51	55	67	98	57	9	10	21	58	61	42	91	52	57	81	94	0	33	8	53	60	67	60	35	63	29	43	52	47	25	4	24	41	3	84	96	28	83	67	78	28	81	51	55	83	77	92	65	99	97	85	16	0	31	51	93	92	86	55	17	45	36	98	44	33	72	22	53	82	65	12	
42	37	35	43	86	69	36	47	47	82	60	73	91	12	66	43	47	22	18	11	31	75	3	7	45	77	62	25	24	80	10	41	9	82	3	4	40	5	97	82	1	19	42	1	63	19	32	1	3	83	14	80	50	14	31	23	52	43	68	94	25	16	47	57	98	7	36	96	21	56	85	35	50	48	54	19	6	89	50	56	91	94	70	44	
82	85	99	53	97	84	84	63	67	90	94	21	41	52	3	38	21	25	70	36	31	34	97	13	41	54	67	34	35	58	93	9	3	5	35	94	7	64	24	14	20	5	73	1	43	13	32	94	44	76	78	57	72	33	95	70	5	56	39	53	96	41	8	90	88	9	16	17	6	39	61	38	15	33	71	28	52	70	15	61	26	26	84	96	
39	1	68	46	4	32	54	81	45	77	39	23	99	94	4	43	83	25	46	75	40	31	85	3	51	55	95	37	51	34	69	87	59	6	75	81	43	8	89	23	71	67	42	36	15	30	45	60	70	94	25	53	23	58	81	73	29	60	73	64	19	57	83	6	22	44	50	75	39	15	51	59	13	43	53	25	45	12	35	15	62	22	52	69	
0	3	94	48	41	92	5	81	90	74	52	18	36	47	99	17	82	14	4	69	76	29	63	82	79	6	36	70	36	13	88	93	35	60	20	81	20	77	91	52	8	57	96	95	46	2	11	97	74	0	28	12	68	33	33	4	62	48	94	94	47	26	8	43	12	16	16	55	77	97	31	81	29	55	93	89	20	75	13	5	85	2	16	37	
32	55	87	82	10	94	21	22	48	23	86	62	79	29	33	20	85	86	20	16	33	3	57	75	17	8	99	48	93	75	55	43	49	55	13	19	99	5	51	92	75	74	88	74	28	71	55	85	79	62	51	66	48	18	63	2	33	10	35	94	0	83	81	80	18	25	75	98	5	0	6	52	86	32	95	43	11	82	43	82	12	10	56	89	
50	23	68	6	2	62	58	0	20	27	43	41	71	60	44	68	52	80	29	52	64	65	39	50	0	55	55	58	92	42	59	7	80	26	98	30	97	86	4	16	47	6	72	5	17	14	33	22	65	80	32	42	83	10	60	45	83	50	77	49	33	90	23	91	32	8	39	67	76	75	4	12	3	33	60	70	16	69	54	5	42	93	16	66	
83	25	21	54	48	89	61	45	18	90	58	61	19	72	11	8	31	61	32	86	59	71	4	17	27	63	31	3	20	10	92	62	5	22	20	96	67	83	25	8	33	14	54	65	46	7	72	50	25	32	66	0	79	40	50	41	3	14	71	82	12	91	88	96	41	11	83	31	49	77	47	63	66	57	95	72	55	44	60	17	3	15	43	89	
50	37	60	95	39	79	67	37	36	61	4	28	86	39	66	11	52	93	66	73	35	97	51	96	63	60	38	49	61	0	34	9	82	21	70	15	76	34	87	92	77	11	45	24	20	18	39	52	73	83	7	39	9	72	32	83	39	94	50	49	61	6	77	45	86	72	30	97	18	87	7	79	28	98	62	82	28	47	12	14	85	69	76	85	
74	80	88	68	21	18	25	33	2	68	38	63	30	51	82	0	36	90	67	95	55	49	11	42	46	60	22	2	50	14	43	26	98	7	52	15	47	85	34	11	66	16	22	77	70	46	17	72	54	58	82	2	28	36	37	14	17	79	45	35	41	19	24	12	24	46	51	64	7	6	49	61	9	40	57	6	62	72	72	35	5	49	85	10	
37	48	47	80	98	85	21	65	83	2	45	96	13	77	4	55	27	37	15	76	88	89	42	46	41	37	5	91	28	86	0	34	84	52	93	68	44	54	89	36	98	7	44	61	84	32	62	37	89	63	63	23	51	83	71	29	93	90	14	4	40	64	63	94	84	5	20	71	92	98	71	32	32	80	56	81	90	99	26	12	27	3	37	55	
69	14	26	51	85	58	31	32	85	37	69	46	0	70	74	49	1	81	37	9	27	96	18	16	34	82	92	50	84	30	57	44	10	6	64	93	37	81	6	49	18	79	27	99	82	19	93	54	76	39	15	28	69	36	56	40	89	97	44	26	83	35	16	21	87	23	40	89	14	88	29	23	64	47	77	59	5	97	36	37	76	20	19	68	
44	82	20	31	98	24	13	16	50	67	40	35	68	33	36	69	34	6	75	12	18	45	67	16	68	23	72	67	46	36	19	84	22	98	26	77	70	38	36	93	56	77	48	10	60	7	10	24	34	76	92	26	4	9	1	9	69	42	68	31	66	70	25	58	26	27	72	72	21	53	93	7	93	17	9	29	40	99	31	98	82	89	77	21	
92	39	82	74	3	25	20	63	99	12	47	38	51	85	96	78	14	31	72	16	53	16	17	73	23	39	47	71	22	93	73	91	59	87	3	31	54	20	36	36	5	96	49	98	75	17	65	39	13	33	60	70	35	93	59	14	38	13	30	48	58	57	72	50	20	13	52	0	18	44	81	93	25	56	65	35	37	54	31	56	27	15	11	39	
33	52	31	39	48	59	99	47	59	61	75	58	8	80	21	50	55	36	90	32	55	94	29	46	81	64	35	57	96	1	79	74	30	74	26	73	78	62	43	46	79	95	65	41	50	86	57	39	24	37	59	42	54	59	38	2	66	80	72	74	55	91	41	79	14	23	99	60	71	82	54	28	23	85	38	4	60	13	38	81	11	86	85	38	
50	99	64	15	46	1	62	46	20	57	36	87	69	62	22	63	16	59	96	25	76	67	42	34	30	18	38	99	23	8	31	33	9	10	55	77	48	80	66	98	37	47	78	44	47	35	95	35	64	49	68	73	16	52	38	5	37	18	37	57	36	98	1	43	68	68	38	76	24	88	30	94	95	73	49	48	76	2	59	28	88	72	36	64	
44	84	45	62	28	27	77	87	2	56	39	92	73	5	6	53	26	58	57	45	56	46	18	70	88	84	17	37	0	8	98	3	61	36	67	65	0	58	68	94	58	15	46	15	44	16	59	94	78	53	40	64	72	64	77	82	71	73	53	39	11	40	35	17	93	3	24	57	89	83	88	84	10	18	37	20	76	15	77	81	20	17	37	34	
30	33	9	28	21	0	12	10	45	6	42	9	70	78	93	51	62	86	11	99	7	9	4	93	74	20	3	5	76	63	90	77	7	39	88	84	54	69	69	89	47	88	37	33	14	31	97	26	67	55	77	10	81	37	7	96	38	81	55	98	66	74	50	82	63	8	84	35	39	36	20	65	45	76	6	0	63	69	68	51	29	33	60	17	
92	93	11	26	6	88	87	24	98	43	30	96	64	29	14	15	94	22	57	65	46	4	26	3	12	42	71	74	20	30	46	60	88	74	67	18	21	94	96	47	72	40	84	97	25	46	53	34	32	11	21	70	55	13	73	32	52	42	21	79	3	48	84	44	66	7	72	93	53	83	77	4	40	20	55	46	4	63	35	59	81	22	75	16	
19	43	54	57	49	45	74	57	19	41	42	59	40	9	84	71	62	23	8	86	94	77	87	90	85	92	14	82	18	95	59	99	35	42	82	93	46	88	27	53	87	63	28	19	19	3	69	55	21	66	95	8	3	15	85	14	13	85	11	43	93	83	90	38	2	70	26	83	42	91	62	30	8	95	25	62	8	81	94	54	42	24	43	24	
69	30	48	46	4	69	74	99	43	45	7	6	69	55	35	41	3	76	33	41	65	5	86	54	29	60	52	64	4	97	48	57	65	71	40	86	17	86	39	24	21	13	78	26	27	92	12	63	40	18	64	82	91	89	47	95	47	99	89	76	31	76	1	8	3	78	69	65	44	46	25	84	81	16	63	7	21	11	96	31	17	90	5	52	
33	91	92	99	15	39	19	31	72	51	12	19	52	10	40	87	83	15	53	30	61	57	63	37	86	26	2	95	45	62	70	48	72	63	45	23	55	71	70	4	3	32	55	0	38	39	32	50	91	59	47	98	67	61	1	23	43	3	67	65	86	74	82	54	52	5	61	52	77	31	32	17	91	97	35	30	87	85	5	92	6	23	31	16	
25	23	25	15	40	56	95	63	7	5	50	74	12	81	93	9	11	92	47	24	5	76	71	12	13	25	56	34	36	11	56	88	21	28	87	26	0	26	73	0	28	43	80	3	64	22	57	46	67	25	30	69	4	86	93	61	73	75	80	79	52	51	92	95	45	15	68	23	7	77	79	48	33	40	18	5	45	66	73	23	64	83	82	25	
29	43	63	26	4	6	17	24	23	75	89	11	12	72	3	72	46	69	55	76	78	53	36	74	55	19	60	28	53	97	57	92	7	11	74	16	36	2	11	69	96	59	84	10	5	76	13	50	41	18	86	58	99	46	28	76	13	58	99	65	36	15	5	90	67	54	94	52	19	68	95	77	60	55	16	75	38	94	40	20	91	64	83	32	
72	98	36	67	3	11	6	87	76	42	62	6	12	60	2	72	16	95	96	13	7	70	71	86	86	2	34	15	52	31	16	60	81	45	7	73	51	74	65	4	0	21	78	89	63	16	88	66	50	95	70	57	36	78	3	84	84	13	94	35	34	99	23	36	26	84	81	76	22	99	32	46	74	81	43	38	52	8	6	53	39	53	90	48	
51	41	33	87	62	11	69	99	6	19	53	47	0	82	27	92	2	34	90	72	9	45	96	55	86	27	21	53	53	24	82	75	1	21	60	13	23	38	90	80	63	89	78	6	89	15	92	51	71	23	36	58	69	85	26	73	13	96	57	43	42	9	65	66	53	80	78	80	23	68	41	26	22	7	62	47	18	68	16	95	28	2	98	29	
34	30	67	59	6	0	13	9	21	95	16	44	24	31	17	22	94	13	50	4	22	66	76	68	99	48	96	48	34	27	56	47	71	55	85	47	65	39	18	81	66	87	5	86	90	82	22	30	0	0	46	63	36	50	37	43	21	28	59	67	44	81	85	82	22	89	48	42	49	46	28	66	85	15	74	79	94	29	49	12	77	9	84	51	
67	31	85	58	62	87	61	28	7	58	99	5	38	3	46	87	18	99	11	12	93	30	94	1	53	80	26	37	4	81	40	87	93	21	76	32	31	78	26	19	11	88	68	28	75	70	93	79	42	71	95	71	68	1	94	30	42	43	24	11	99	59	98	68	18	16	33	53	85	72	7	67	91	96	41	19	49	77	80	82	42	89	83	43	
85	35	20	82	82	50	49	92	30	24	55	57	23	52	98	62	66	41	47	65	35	74	37	50	12	48	59	88	41	39	40	76	12	21	51	2	20	60	15	99	43	59	6	60	99	53	93	45	76	46	14	85	56	66	90	41	48	4	79	36	24	48	50	79	81	61	51	94	45	91	50	60	75	0	63	47	7	39	34	60	25	50	76	38	
98	8	22	73	82	24	43	58	58	35	33	55	4	90	33	74	56	61	64	23	14	80	99	98	99	17	71	46	51	81	6	81	72	64	6	41	88	48	83	68	72	14	97	99	65	33	8	25	54	8	39	96	12	42	65	98	34	56	43	51	72	92	79	57	74	38	21	44	7	37	4	88	9	11	85	62	24	57	84	44	58	10	16	4	
29	55	97	59	93	25	85	95	14	51	91	91	85	30	89	4	91	78	72	95	67	4	78	17	93	79	18	22	21	8	39	57	37	98	35	85	39	6	58	54	59	80	83	11	37	51	48	69	60	84	17	96	22	19	24	13	4	74	52	4	34	18	20	17	9	3	40	19	80	48	61	28	37	90	66	93	77	3	23	1	83	42	79	12	
11	89	63	83	73	46	64	62	86	20	3	99	15	55	75	34	86	35	28	34	67	34	28	4	2	48	78	1	42	61	92	23	53	30	70	45	97	44	50	80	33	86	75	79	44	2	64	1	82	35	41	19	60	94	78	40	19	15	45	18	74	72	38	32	69	34	54	69	90	87	8	45	58	52	25	49	49	26	92	61	27	64	53	67	
62	13	54	59	49	85	19	23	72	11	36	20	71	9	87	2	61	84	32	30	25	21	9	54	8	81	17	54	50	50	60	18	56	4	6	43	99	84	57	48	14	71	87	3	50	6	45	4	34	30	25	94	19	91	62	92	10	87	26	76	70	92	86	72	65	78	66	89	62	17	43	41	49	83	50	36	46	87	28	15	50	81	88	94	
32	92	58	9	4	19	4	26	89	24	18	17	51	80	52	80	9	68	21	98	94	56	1	24	57	26	83	20	15	98	87	86	39	50	27	68	76	41	97	37	51	85	54	46	29	53	50	81	53	29	27	48	71	9	12	19	20	13	63	85	30	88	32	85	77	15	14	1	48	14	36	4	93	18	48	25	59	53	95	48	94	83	52	53	
34	6	40	32	1	18	92	16	20	8	83	4	97	16	38	72	82	41	61	32	34	12	24	72	77	5	72	92	91	44	1	59	13	88	63	80	60	23	6	72	91	57	74	59	31	37	73	9	36	50	0	85	91	43	92	90	83	41	59	98	64	51	78	61	14	94	28	46	84	26	8	41	41	51	75	65	33	42	37	29	44	18	42	62	
8	12	58	35	17	39	2	54	94	23	23	23	24	41	56	24	50	92	3	51	36	7	45	15	12	3	23	42	68	60	30	76	12	49	12	64	71	57	33	19	17	69	19	17	26	0	77	27	25	85	83	19	62	36	93	85	35	16	55	30	27	33	48	43	3	51	3	99	1	95	54	43	36	62	55	0	78	63	10	86	90	89	48	87	
73	83	29	66	80	65	57	44	24	96	53	39	2	81	90	42	99	60	23	47	27	0	16	78	35	19	31	51	21	27	94	57	67	31	67	83	67	73	60	72	89	78	80	15	81	13	20	92	57	20	23	57	67	4	59	45	96	7	97	39	36	57	48	60	22	44	71	0	17	62	29	83	25	22	81	23	15	34	48	53	47	91	50	65	
92	54	83	72	51	4	74	42	2	66	67	60	96	31	43	80	93	46	8	75	44	56	33	13	61	87	91	21	85	91	5	27	85	26	38	59	35	65	13	7	89	85	99	13	92	4	81	68	60	67	9	78	21	21	86	27	2	30	41	36	56	41	63	38	99	60	13	86	32	94	43	11	13	28	68	99	29	37	48	60	62	91	4	38	
62	56	74	17	31	25	33	30	2	63	68	55	97	63	20	45	14	60	42	85	63	73	33	11	53	92	72	87	2	31	56	9	38	2	73	69	83	5	41	36	32	16	77	54	44	29	11	1	8	90	9	30	55	17	0	8	71	85	22	58	64	27	74	38	5	54	17	89	67	63	87	33	18	17	29	94	47	20	30	88	88	29	4	42	
88	60	75	97	91	19	37	49	85	63	42	33	39	84	64	57	6	13	56	64	21	77	52	64	19	90	16	48	17	96	19	36	75	18	63	68	1	6	57	3	49	35	64	11	24	69	21	86	9	96	80	95	19	84	58	80	68	33	26	88	7	24	95	66	63	39	59	92	12	63	99	37	91	3	55	50	88	28	61	48	0	32	50	74	
49	87	60	61	16	27	60	32	70	24	11	33	88	87	85	42	90	85	18	6	92	7	84	72	95	33	55	47	98	28	67	51	44	62	89	24	22	94	13	8	50	12	48	76	24	98	15	76	14	8	34	68	11	58	55	52	53	1	51	86	99	90	72	91	18	71	85	40	36	99	75	5	39	17	12	21	52	31	2	32	32	85	95	53	
1	86	20	30	54	32	9	10	40	77	58	7	57	69	84	19	38	38	56	85	70	18	13	61	83	0	50	96	64	8	90	41	93	21	43	22	26	29	37	35	77	12	8	66	63	37	71	46	61	99	13	10	5	27	86	15	2	16	62	26	22	39	49	53	0	88	67	72	61	44	84	28	61	93	28	80	50	85	33	12	77	5	6	11	
45	89	92	8	16	70	63	93	50	97	19	89	13	76	89	1	60	78	29	2	4	54	88	25	84	60	42	27	41	46	38	40	26	55	22	68	59	79	38	45	68	95	97	61	57	11	65	55	49	46	85	72	47	32	78	77	35	31	31	88	82	89	46	5	52	70	84	10	23	35	20	23	40	31	93	12	28	30	87	4	17	44	43	80	
86	75	6	49	74	85	27	38	51	21	66	94	60	57	82	91	33	66	96	5	99	36	22	7	12	37	46	23	72	41	79	63	76	63	66	63	76	91	6	59	81	76	46	24	4	89	97	83	44	85	68	57	95	27	52	5	24	12	3	28	23	60	13	8	14	64	56	9	23	80	5	24	91	36	86	26	49	69	28	21	1	9	42	50	
93	55	92	27	6	62	54	15	24	42	17	49	31	14	97	66	2	48	82	28	54	26	77	19	24	53	23	90	48	97	40	88	5	69	85	65	2	17	51	33	96	54	28	87	24	21	29	10	72	64	99	13	17	38	21	17	23	74	46	62	8	88	62	71	16	32	91	34	93	76	18	12	16	64	17	13	56	45	76	53	67	51	64	0	
69	28	92	12	75	11	30	32	21	70	6	95	40	80	22	39	47	30	22	74	74	25	61	8	68	9	17	48	50	90	63	0	29	60	74	98	13	9	42	61	1	42	46	33	26	2	67	20	51	13	40	70	64	28	62	32	43	75	18	81	85	72	86	74	22	66	13	76	63	35	2	1	29	66	99	79	99	53	25	5	90	55	80	68	
20	94	26	49	2	17	97	38	40	89	32	82	19	54	19	51	23	57	91	95	47	0	97	63	85	54	80	1	11	69	46	36	0	46	48	98	73	32	34	98	67	30	30	31	85	87	45	90	23	92	52	96	27	77	84	8	85	96	13	56	43	55	70	30	70	41	41	32	31	85	47	49	50	38	38	18	28	51	19	48	69	27	69	67	
20	21	32	90	36	11	31	80	45	65	7	15	76	42	72	14	12	6	14	51	85	98	78	99	91	48	89	96	16	11	54	98	7	92	64	69	92	36	26	99	54	55	86	41	68	29	57	33	17	40	8	44	52	77	98	25	26	84	38	99	79	27	64	11	23	42	73	30	87	27	38	41	21	85	3	58	56	99	0	81	94	11	85	20	
31	91	20	57	46	17	12	26	28	31	66	14	77	79	75	91	39	94	20	12	51	63	9	93	39	31	46	25	58	51	85	44	74	89	90	75	47	16	41	42	58	60	32	16	49	3	13	78	26	19	83	30	15	80	70	98	93	73	70	22	78	27	76	15	45	95	35	86	32	29	1	85	96	77	91	77	30	90	9	70	39	58	63	19	
26	50	44	26	41	70	0	12	73	81	73	53	76	15	71	67	90	92	74	73	4	23	50	13	92	63	93	87	21	50	65	57	92	75	0	67	89	66	48	98	55	91	41	66	15	31	55	54	16	73	66	53	85	53	33	7	4	8	98	73	10	87	55	78	64	85	86	19	80	11	51	81	38	23	84	38	46	39	86	38	23	92	47	21	
59	35	80	12	69	7	31	24	5	90	20	74	38	42	53	64	18	44	52	1	3	47	5	49	29	14	40	24	58	25	98	42	85	86	20	51	20	34	2	89	21	66	45	71	35	51	31	84	71	46	48	89	13	81	54	24	25	36	94	16	70	47	34	38	1	62	0	21	69	79	33	74	8	59	60	38	27	80	38	34	34	3	81	46	
90	19	61	10	92	90	63	73	98	48	10	23	14	37	92	6	79	55	21	93	73	14	72	74	61	49	15	42	25	46	89	72	54	18	91	67	63	35	63	64	87	82	77	12	56	53	1	14	91	10	94	33	20	82	5	73	69	82	89	73	83	16	11	94	66	90	92	59	99	67	54	77	96	11	68	64	39	82	49	88	60	56	56	90	
13	36	19	24	29	91	54	33	56	24	32	97	1	79	7	54	14	83	25	47	66	5	23	74	75	15	34	8	62	49	30	68	92	47	99	3	50	72	84	24	96	3	6	65	96	53	93	16	37	30	11	55	93	61	53	23	4	36	20	88	47	65	45	44	8	0	72	57	78	76	12	25	31	24	3	25	75	51	42	10	37	97	88	0	
0	15	40	36	22	54	85	22	68	43	61	96	71	30	78	31	65	93	98	4	54	19	39	82	25	7	14	42	88	95	20	75	71	15	74	10	81	64	15	47	60	37	54	98	20	1	46	4	2	61	5	97	87	85	28	67	86	59	69	30	52	37	68	80	43	17	36	80	26	78	58	74	36	93	15	77	39	90	47	70	74	41	27	92	
15	53	72	66	27	81	62	1	43	2	51	27	40	9	50	17	67	37	44	4	47	29	86	37	60	80	21	50	93	70	98	18	82	76	70	72	16	23	46	99	15	42	29	3	69	70	99	63	85	33	51	61	39	79	37	2	60	7	77	75	65	62	83	65	64	73	7	52	52	62	21	4	31	38	87	49	27	14	1	50	60	8	34	48	
40	4	45	65	37	4	1	11	73	18	89	63	25	81	77	20	40	98	47	1	2	29	84	16	53	16	42	40	52	44	29	38	51	72	13	64	44	11	63	7	83	10	94	59	10	14	34	13	55	96	68	76	14	12	52	29	35	11	46	22	38	97	13	75	35	83	23	57	37	19	15	70	83	70	24	65	45	99	6	18	81	78	31	67	
14	50	16	24	87	92	67	29	64	14	37	14	37	37	57	83	84	44	91	89	14	73	68	93	91	49	15	97	8	80	25	57	41	99	18	57	6	27	36	80	51	87	21	72	9	26	36	13	97	86	1	68	16	73	14	0	65	66	43	87	74	4	6	66	77	16	0	71	63	61	32	23	52	17	21	65	82	34	68	94	29	54	72	99	
48	13	65	52	29	42	57	19	59	1	6	78	17	96	50	94	60	48	12	6	81	47	54	8	73	56	84	75	62	80	93	21	30	44	19	67	73	76	89	27	28	38	24	18	29	32	2	96	45	77	43	29	40	74	35	50	37	26	30	89	97	50	86	98	88	99	38	76	39	0	12	88	68	45	37	72	29	31	50	15	27	63	15	77	
55	41	57	31	78	62	72	9	79	95	61	40	27	35	87	3	85	19	77	13	24	12	61	54	44	45	25	52	85	40	98	44	80	84	86	2	93	66	95	46	90	8	82	93	21	42	90	24	57	0	40	63	43	5	76	7	40	43	68	38	60	63	29	44	85	24	88	88	90	56	86	0	76	3	95	70	22	33	70	83	45	39	18	6	
50	58	98	71	88	4	81	66	20	11	0	36	36	8	2	13	56	85	19	35	59	96	58	98	73	96	24	45	43	21	66	58	97	36	62	58	96	33	70	44	4	14	7	56	3	93	45	52	60	97	36	7	44	58	10	26	7	63	93	60	1	49	40	70	23	91	65	12	76	85	15	99	52	66	78	24	88	90	19	58	77	88	10	20	
8	17	36	70	47	54	38	6	66	88	28	30	64	67	59	90	88	8	30	36	17	12	92	81	70	39	46	10	24	74	69	87	34	13	42	77	42	49	78	42	33	53	23	92	54	12	56	82	48	63	1	75	91	37	26	5	88	53	14	49	57	31	93	59	85	60	6	44	96	99	47	44	84	81	64	42	78	85	31	46	36	97	19	35	
29	51	8	82	0	31	33	67	19	50	29	67	59	7	52	91	40	2	95	8	62	87	3	44	30	72	94	73	5	83	88	13	44	7	93	95	41	54	69	88	66	41	78	49	46	60	38	37	98	56	92	19	10	55	72	44	62	36	59	95	81	36	73	61	31	97	79	36	87	45	81	63	87	26	44	1	68	2	30	87	91	11	22	3	
42	22	88	76	29	92	23	44	49	45	77	42	31	20	8	81	86	52	85	97	5	11	7	81	96	22	91	73	42	21	3	86	69	79	34	0	88	65	93	61	89	56	60	45	55	22	73	22	93	16	74	93	69	58	62	10	78	95	33	38	16	39	13	87	55	83	78	82	54	56	43	68	13	96	39	90	60	50	37	4	54	41	11	32	
15	44	43	49	1	13	9	3	93	49	73	26	84	77	97	48	36	3	95	83	66	86	17	8	93	15	6	65	16	5	36	58	46	98	72	69	75	85	10	59	16	51	75	3	20	69	62	42	81	55	82	45	14	53	58	44	15	75	30	59	75	86	38	11	7	34	89	18	23	67	52	48	90	45	3	99	55	32	65	54	26	84	55	26	
42	70	42	25	5	40	10	57	51	12	88	10	41	29	0	24	9	13	12	8	6	39	20	52	9	97	66	6	31	6	8	70	51	55	46	1	52	35	66	27	56	34	2	36	37	26	67	31	53	81	9	63	37	32	92	44	22	21	66	42	15	97	83	65	11	95	17	38	12	64	10	65	26	20	52	16	98	39	64	91	27	91	95	46	
86	10	21	78	98	3	68	99	62	68	69	24	52	23	39	4	12	84	57	40	13	79	7	99	76	27	45	81	59	66	18	37	29	20	63	2	81	79	12	25	89	37	74	18	32	34	64	0	68	41	20	38	37	46	30	45	5	81	94	68	53	18	59	52	96	97	28	28	91	6	79	4	48	91	82	14	81	37	93	26	45	55	35	29	
31	45	49	41	59	35	85	8	17	8	44	86	29	90	82	52	52	15	92	59	42	73	36	62	57	51	41	54	43	72	38	32	65	41	36	96	50	63	8	45	75	7	24	76	68	24	54	11	56	35	75	67	31	52	53	89	62	4	20	23	1	7	72	35	16	82	12	62	19	27	72	87	11	40	76	41	98	53	48	99	84	9	60	8	
96	41	37	32	46	61	35	58	59	63	31	42	92	34	0	62	9	45	69	90	13	2	34	62	2	30	76	22	66	25	56	13	25	30	40	53	19	33	85	94	71	50	41	13	77	3	73	69	17	22	71	55	1	45	81	95	5	43	93	95	43	80	2	55	97	16	94	18	72	12	22	84	10	6	87	13	76	49	77	35	90	42	69	44	
39	26	73	40	3	72	25	42	64	61	54	45	49	75	38	9	76	15	31	60	6	25	16	29	63	83	66	11	57	77	72	19	47	36	79	32	47	60	98	95	91	81	97	8	16	91	57	32	69	86	94	73	59	9	90	36	51	9	15	38	46	55	24	27	98	0	42	64	13	21	25	27	85	91	70	56	95	43	79	6	58	24	1	53	
37	3	7	84	57	8	21	0	80	91	89	64	50	85	18	95	58	90	21	48	55	83	5	33	21	77	16	92	3	33	36	13	90	7	92	80	83	11	2	68	76	95	75	3	20	47	83	78	86	78	12	80	87	66	2	18	95	0	87	40	23	25	37	64	65	33	85	37	99	39	92	67	57	17	25	34	53	39	18	85	28	62	32	94	

Matrix B:
52	47	69	74	96	40	40	59	78	68	15	21	15	18	66	40	83	4	22	5	39	37	82	45	16	42	
88	68	57	20	75	72	35	97	39	88	81	54	81	56	56	49	36	88	89	83	22	69	27	79	96	4	
57	83	30	74	35	59	38	69	97	88	26	46	12	90	46	51	73	94	16	68	49	59	64	93	15	31	
4	35	90	19	37	97	26	41	0	18	42	26	11	94	49	96	61	2	66	45	29	28	50	47	88	83	
56	40	69	79	31	6	69	6	24	43	88	73	56	90	78	59	54	63	9	23	82	81	92	36	45	48	
77	25	65	93	41	71	74	46	60	28	71	94	88	10	38	33	6	57	38	34	47	6	11	46	58	1	
1	59	88	53	78	9	94	88	19	36	31	54	2	75	93	44	57	5	73	22	91	51	55	20	56	54	
52	74	52	59	67	79	81	9	36	97	5	53	92	24	18	21	42	81	61	0	35	13	59	15	56	71	
96	50	74	74	86	49	35	28	69	81	16	97	77	43	60	76	9	16	46	69	88	76	99	63	74	53	
79	92	72	71	14	60	9	58	5	91	24	80	22	0	47	50	85	35	27	85	4	93	71	98	22	3	
51	88	77	13	70	46	9	66	19	57	62	98	89	75	6	91	86	86	69	57	66	8	73	13	13	4	
89	21	30	43	22	54	17	45	57	31	12	83	13	10	34	78	81	89	68	17	50	75	88	71	18	76	
13	84	54	63	45	68	18	80	99	71	98	23	96	88	78	8	73	31	91	8	87	77	65	40	24	16	
4	17	46	96	71	73	88	66	58	98	82	28	27	65	54	30	44	29	18	44	35	81	0	20	74	52	
68	50	60	68	94	8	26	47	64	48	11	79	24	79	69	93	75	76	17	65	70	56	30	20	17	97	
39	94	78	53	47	46	48	46	69	45	80	92	22	4	90	76	95	63	61	73	77	31	18	20	79	43	
87	4	49	84	83	20	39	58	26	89	42	7	7	33	97	18	34	26	5	16	48	31	89	25	10	80	
44	54	46	34	21	12	14	88	33	5	75	60	41	78	53	49	79	53	37	73	7	76	95	20	59	19	
11	38	35	64	56	62	88	18	3	83	15	52	66	78	78	91	49	30	20	34	83	46	58	6	57	21	
71	7	24	96	56	90	73	71	64	17	70	70	18	57	65	69	10	35	44	28	68	19	4	45	25	45	
39	58	90	21	65	54	45	22	36	88	95	7	35	65	17	96	69	20	57	68	68	43	57	96	40	44	
18	91	38	33	50	88	65	22	0	22	32	54	18	50	40	37	77	8	25	13	25	72	4	7	92	92	
91	14	4	64	45	43	49	57	70	67	73	62	91	34	56	81	2	53	92	31	15	11	58	40	40	66	
68	54	60	57	66	8	8	45	59	70	24	49	17	0	20	95	25	9	34	74	22	50	35	33	90	28	
42	94	30	31	22	61	14	49	65	44	16	84	86	0	63	75	40	62	17	92	68	71	19	54	56	18	
33	26	83	48	41	54	81	50	92	93	96	60	92	35	46	57	90	44	1	4	31	87	58	10	11	9	
61	97	18	84	97	37	58	76	74	86	3	5	3	27	2	43	7	54	57	1	47	0	47	80	57	73	
4	33	45	72	65	72	97	69	6	45	64	45	13	47	48	74	39	52	60	73	94	23	57	40	25	58	
9	41	17	44	55	25	36	26	89	66	12	27	11	14	95	78	2	0	34	37	17	0	9	64	17	27	
4	19	52	57	16	20	76	56	14	21	93	6	65	86	72	51	80	76	91	52	54	95	14	84	89	94	
85	93	6	60	70	51	54	77	82	94	59	48	87	77	23	34	44	88	35	97	60	78	0	98	89	48	
2	7	77	95	45	68	21	21	36	62	70	23	27	47	29	66	45	18	14	0	48	51	24	54	48	90	
1	93	58	89	17	65	67	19	86	66	39	76	3	74	30	71	93	61	22	45	99	45	99	97	94	65	
4	44	33	84	22	45	96	94	48	73	87	84	1	26	58	45	39	87	32	54	25	90	12	23	96	85	
34	76	15	2	27	99	68	69	43	83	20	72	4	14	11	22	32	24	65	9	13	8	21	60	76	25	
75	81	11	38	24	76	45	42	47	16	76	36	77	86	3	70	86	57	90	69	30	53	78	1	90	44	
10	23	24	51	23	1	95	97	53	54	8	43	79	8	46	24	22	14	48	64	35	50	17	44	5	3	
7	17	98	24	8	15	13	6	34	84	14	97	81	86	51	11	50	77	62	21	85	22	24	58	80	73	
24	94	72	91	10	20	28	29	52	52	8	29	15	73	81	87	79	74	57	27	68	13	19	65	9	97	
10	37	79	49	76	39	67	10	75	80	21	52	54	43	72	94	65	43	40	36	33	76	23	6	52	12	
97	32	95	98	67	85	39	23	46	9	67	21	26	19	10	87	1	71	13	11	95	89	27	44	35	98	
88	20	55	57	5	15	5	43	46	49	98	52	28	61	18	47	78	75	98	72	10	98	43	32	20	79	
3	57	6	25	80	81	64	18	49	54	97	38	13	80	27	95	13	78	35	58	2	51	68	97	92	69	
18	3	22	65	68	32	49	31	43	38	8	63	59	13	31	1	10	58	29	13	32	93	0	68	14	20	
51	5	71	16	2	75	22	26	54	92	86	79	30	22	1	78	91	49	14	11	19	67	70	42	28	72	
99	57	31	42	40	31	9	36	9	42	50	34	47	25	73	99	12	63	24	15	76	98	48	96	44	84	
7	11	21	27	42	7	72	45	30	11	30	33	90	2	11	29	38	25	8	57	52	76	86	80	8	77	
33	2	72	74	4	78	1	53	49	5	80	35	85	32	81	19	34	72	97	6	5	96	48	80	49	33	
61	64	30	78	19	76	3	17	18	72	1	70	27	14	40	68	13	36	64	66	64	47	70	25	56	87	
59	55	7	39	74	83	16	31	2	49	95	89	22	64	15	62	24	9	28	10	1	79	38	54	35	84	
59	30	38	79	87	14	48	46	6	47	64	4	97	89	79	5	18	83	26	27	38	40	57	18	99	63	
64	38	71	53	43	72	22	56	80	95	64	32	66	86	43	16	38	80	18	2	9	7	38	83	68	77	
8	69	8	25	30	59	30	71	7	57	71	44	17	6	6	21	76	15	79	73	89	25	8	78	34	22	
55	69	41	96	23	27	0	27	64	18	36	42	18	28	99	30	66	54	84	95	19	44	65	88	8	1	
51	6	67	63	19	76	7	61	94	10	95	5	19	72	30	5	84	35	72	85	26	92	71	84	63	40	
24	45	87	95	48	77	15	12	78	98	93	90	55	54	0	18	9	58	49	42	86	71	68	46	17	28	
69	10	23	1	34	32	59	80	5	24	93	13	20	94	93	52	41	38	92	44	81	63	68	7	13	11	
64	78	23	28	15	75	15	34	42	6	41	39	78	68	28	47	17	5	10	44	20	5	86	54	73	32	
40	82	40	0	11	13	19	60	97	96	40	74	45	14	91	1	25	22	60	66	43	7	29	37	29	99	
32	1	50	0	4	76	80	62	13	32	60	98	1	24	54	11	28	63	30	43	28	36	8	57	42	45	
23	74	84	38	45	62	60	95	98	5	47	98	63	84	16	64	12	51	72	78	82	8	61	88	7	45	
79	81	31	82	11	43	71	55	56	50	97	46	32	76	56	74	83	77	76	35	68	88	90	80	33	82	
45	59	89	77	35	0	5	82	94	19	3	34	88	41	27	3	51	58	49	43	44	81	20	73	39	27	
5	27	82	73	91	72	26	29	47	44	67	88	42	38	42	40	66	14	73	1	82	96	54	74	58	77	
9	27	86	6	4	49	15	2	14	25	44	41	23	45	0	35	46	73	17	9	1	76	25	4	95	48	
85	41	2	31	59	34	80	47	68	60	71	48	11	88	31	94	30	60	84	28	63	94	77	91	63	52	
89	71	63	84	18	24	40	66	23	89	8	42	24	43	63	95	32	0	8	59	56	7	26	60	35	85	
96	54	72	42	1	25	92	66	60	66	21	54	86	28	97	14	62	60	30	30	87	80	11	34	95	88	
50	7	48	91	21	12	39	7	18	25	48	90	20	40	92	73	32	82	52	73	61	96	48	20	21	35	
64	74	88	26	94	10	4	12	39	41	14	54	16	73	71	86	83	70	3	30	84	2	24	92	10	27	
53	83	2	32	22	28	38	49	15	14	43	87	47	24	89	88	46	34	16	55	72	3	64	49	47	50	
83	32	85	15	16	69	70	30	28	74	0	39	32	13	12	68	97	72	14	4	4	73	17	73	58	26	
85	34	45	87	22	99	30	77	38	53	29	87	80	25	47	98	44	21	11	38	27	56	33	97	31	64	
33	85	55	98	31	98	9	9	68	32	86	63	99	26	72	61	39	29	59	57	98	22	73	51	27	76	
52	65	69	97	30	64	87	27	73	33	13	90	13	25	37	85	21	98	44	42	62	78	4	64	52	21	
77	76	48	3	56	76	59	35	16	52	20	20	76	43	25	27	26	31	60	94	78	64	53	76	0	31	
25	78	97	6	33	82	13	57	9	94	1	60	48	83	63	24	76	20	66	29	92	11	46	88	19	88	
21	79	53	98	4	22	32	15	89	97	87	31	25	56	91	20	59	34	7	52	99	63	99	32	14	9	
87	2	75	98	41	83	19	49	56	68	62	86	32	38	2	40	31	88	1	74	86	85	54	93	53	35	
93	58	41	8	44	75	32	27	59	65	79	71	4	82	16	44	44	44	84	47	70	55	59	14	82	50	
51	20	2	5	48	31	36	52	5	71	60	12	52	50	61	21	4	91	68	2	76	93	66	20	21	78	
74	82	84	48	62	14	26	75	79	59	33	88	85	98	48	83	33	86	92	72	90	53	21	49	14	73	
28	80	50	94	50	67	82	41	3	22	11	72	54	28	20	13	80	11	99	92	9	42	24	3	54	13	
24	73	29	4	72	40	36	55	38	81	88	6	45	72	38	97	9	8	47	41	30	81	34	7	18	94	

Parallel Multiplication Result:
190012	202287	204561	211500	180575	193266	160883	182823	174479	226238	183583	207757	187988	193255	194846	205515	170214	196529	169469	164718	210317	209603	167640	203070	176485	216497	
197955	211672	220895	226774	179080	217118	178642	203941	191716	246490	217160	235384	193771	201832	210448	232590	195311	202910	201623	180680	219744	234460	191207	219623	201042	233638	
178998	170433	191633	196411	156352	195528	160928	176720	166962	218258	186248	213723	157852	175285	176187	199192	173915	192766	178164	156347	185195	211475	172978	208706	173813	185915	
220481	240555	243149	244140	194395	227353	182559	220575	210630	243020	219091	252981	202205	215846	229680	229125	216200	221567	218349	208302	242938	235739	217811	232040	206094	224988	
171742	196167	201850	194239	153573	180979	162390	175568	172892	208694	189568	209621	163509	179663	188304	194498	190065	187396	162090	152177	193231	205626	167843	179807	166976	195973	
185831	217380	210386	213980	182160	221618	172377	189868	188781	223974	217156	221751	191678	210693	182196	205343	192094	196743	198684	177635	199108	209655	198907	209026	198032	193638	
193547	208898	196313	230072	168979	214008	173431	193342	197415	227180	199361	200217	174950	191033	188111	202116	183412	189710	190392	165280	197249	213537	184698	209081	178911	213730	
192764	201447	202992	220303	171083	204576	171603	177025	190860	227662	191464	220788	173770	187533	199664	216597	183450	210372	183995	186268	210196	210052	178703	213873	178780	204799	
207418	204568	211813	241511	182180	211473	183909	210723	207130	233320	211945	212832	181762	194711	199193	226338	189934	206883	198217	182292	203019	240702	189834	228230	197799	219847	
170614	199055	190886	201383	170023	187969	171195	188828	188962	216024	198964	205774	156218	189979	185820	195611	177034	179786	180866	170739	209915	201454	174265	199030	170980	192367	
180359	194510	207546	214917	165334	201017	168840	182145	174551	207992	188750	213653	176354	178003	174958	195598	192144	180193	169138	168988	195956	214335	170186	209182	172634	192572	
200773	234767	234003	235139	192478	226677	189105	199747	212908	234705	198488	233166	192605	211037	211957	235804	198628	199071	197092	186033	222564	235356	199117	218340	197601	216738	
172220	182280	186717	197745	146312	186562	147645	167286	168515	196436	161937	197207	152279	174431	168675	186080	175932	172326	151441	154472	178901	190841	166486	189202	167820	174670	
203575	225934	240156	248446	185323	239545	194590	190676	197575	226778	228930	240785	194007	217900	218348	244937	220211	215309	207101	192214	246860	242705	219332	233249	211586	235727	
191933	205723	207472	207048	172501	203390	175066	184312	192632	218523	201251	222212	185447	196653	185912	215573	194596	193302	180503	177139	209703	224414	196258	200560	184832	204182	
190898	204505	194089	211192	167606	189692	172295	187014	176650	222272	201892	215741	177248	195994	199326	215542	182290	188302	182327	169758	206504	208202	183764	182022	182151	206546	
174349	192557	206399	222044	175934	192344	170199	186283	194797	219308	196184	204109	166745	192380	185743	211952	200989	196870	177041	178023	197692	216902	180788	211466	181410	202707	
216805	234921	234286	245278	197432	222753	199301	213141	203450	243156	222450	252374	198233	216919	224525	250869	215491	212513	208634	205332	237091	237936	201778	227165	210029	236660	
202014	213797	216075	210365	184457	217374	186118	195339	183234	237315	201299	221923	188837	210652	200882	234264	208505	215480	198570	177103	215227	231775	197340	222013	192940	222340	
196005	215245	219620	204893	164572	219732	162820	183976	186923	223284	201170	225580	178085	196583	190250	213483	211340	210748	190691	179660	207232	222887	193907	208394	202059	194786	
181737	198528	205206	220198	166613	197120	158624	188665	189968	216146	201860	221090	178949	192395	188617	205011	187309	186350	181655	184281	207453	215235	173319	199171	185920	207908	
193690	194209	214615	230668	178822	201584	183263	193301	189257	224336	193250	215943	169078	190335	200360	203407	187700	205083	184540	164680	222033	217459	188113	217666	191483	208954	
212782	216431	229794	241466	189073	218568	191721	202792	210290	220077	230556	231589	202095	217925	203669	234326	211707	217016	201427	195317	235285	237152	205614	224282	208105	227065	
202273	207981	210770	227590	168588	212382	181848	200738	200236	234384	216423	220853	184050	207874	195697	221086	190522	212251	196559	180060	210577	215548	189874	228894	205130	214498	
185927	220038	214481	224152	161200	214959	166262	194480	191707	233019	201786	228972	178545	199671	211950	216626	195995	195756	194285	192398	219568	204172	187402	223484	192992	219249	
179771	195201	200616	211053	162988	194447	156228	184725	183766	202049	189765	212479	161813	195677	182251	195168	185531	190299	179537	162811	193102	195223	183532	198531	174591	209362	
197336	219280	209682	217785	182277	213711	169367	193381	181045	234698	210852	211427	177549	190693	196694	223035	188970	194668	186471	187783	212214	215696	180421	220551	194243	210931	
196999	225835	207244	219669	181844	211425	176173	191856	188446	235711	200078	233991	195303	203736	203838	228227	198639	200084	202417	188608	206460	218484	197422	217708	202431	219416	
190285	213052	213181	223353	176570	212990	182399	182330	194782	227581	199136	225974	177316	194746	193722	226183	197141	197480	193784	184039	206791	212805	183957	204126	200588	214070	
199230	202825	205095	217214	168423	205767	173946	194843	189163	234264	180254	213305	169475	177384	183178	210585	192656	197264	182824	171192	198281	231683	180055	225393	179625	207588	
211343	227276	249820	246038	184763	228461	180424	214665	215416	238101	245782	250664	216162	232684	203148	237172	232810	229438	214730	200723	235217	247085	221279	246739	205973	229987	
207722	200389	235524	232925	192912	212635	187884	193465	198380	236783	203619	234700	178182	198541	204442	229554	214600	206099	193792	175107	218059	235727	192485	214133	195185	230388	
191100	203869	231350	244300	184216	214707	190779	188217	211623	235321	202631	224261	175242	200902	196528	227483	197921	217450	183907	174062	215425	237778	198490	221480	210068	222503	
202017	214782	206497	227140	180121	216562	172413	194231	186780	224912	204199	225911	193220	206113	201206	231826	197504	210662	188483	179526	206998	217444	204765	204710	173893	216525	
206875	208447	219271	231934	186771	205082	184244	194684	203459	236328	199139	226744	178252	209983	194686	222527	201782	212351	200836	196784	216815	234562	195034	228235	192091	222002	
190903	209455	222367	231551	168073	195689	174754	190150	211536	223431	207701	223697	193771	216799	197438	214332	197618	198735	189755	188255	213641	223192	204316	213585	179629	210429	
183119	200241	201299	220609	169249	206114	166745	195668	188021	220832	211422	213910	175032	195906	182109	210427	186279	207027	193769	180320	208993	232804	167287	216716	188990	216954	
178444	200311	204090	216823	181581	206450	182650	201937	197913	217180	212716	212956	163978	192163	189972	214954	181929	191620	200392	183980	218301	224008	187066	208099	176939	203124	
169259	173320	177633	186930	153287	166058	143518	167732	170310	193719	184365	186447	161918	183488	170048	176220	164017	171314	173809	158531	188573	191980	165214	179473	155453	193396	
210020	208862	228878	228850	186034	209540	178554	205238	200987	241870	214663	227683	170962	208880	194563	232725	205690	214649	200704	190254	213359	231379	192344	216657	195847	217378	
201480	217019	230912	218716	184916	216736	176221	201360	215531	230162	221233	221404	177868	216245	196816	225211	213634	219761	198723	176630	219890	237904	208374	229171	193351	230177	
179923	201323	171445	174736	166084	194767	172500	189296	170015	201222	188967	197612	162605	187293	170698	196941	178433	179921	172279	158440	197666	198665	171652	190819	160355	173884	
209649	216612	232058	234082	185663	229371	181299	200525	192702	229747	219038	229304	185066	221723	210329	230865	212789	204963	189918	177577	212604	237853	197675	228799	210685	225069	
200607	218211	222088	226979	196649	201218	174985	215679	212220	238111	207465	227828	183920	212288	217986	225395	191703	204113	206031	188393	221718	222557	191369	235841	194642	218291	
183152	192912	182302	209707	161947	191675	152903	171799	175674	208455	183175	202262	163141	171778	182689	206154	167349	174296	157899	172885	209425	207488	174894	208904	163377	192179	
208419	203456	214572	239067	180201	212455	182965	205785	206246	235572	211728	233218	187487	205350	187567	221491	192503	226835	191096	190786	196854	240033	197530	224927	193106	219131	
191351	203228	208407	226571	183689	204975	178480	187517	185796	223863	209099	215047	180223	198266	191302	228758	200519	198961	184562	173659	211238	223144	188787	220960	192353	206933	
188596	191471	196550	226215	173422	192433	166268	180092	174295	207284	192571	208641	162157	189556	192277	210057	184910	195359	179367	169169	205283	209617	175450	195934	176035	207913	
182392	204322	191889	212155	163178	203181	180759	193523	191327	211025	196657	206800	173777	198395	189272	197888	190534	198488	197213	183215	207977	221707	185881	214517	173998	201427	
215877	208559	212949	221715	181662	217959	177700	209954	194078	223043	218393	219324	193673	206690	204979	236283	200823	209368	204910	182062	198064	239332	197860	220310	203632	207349	
188487	217699	210278	224876	178349	224680	186811	197201	199766	231927	213133	218902	180342	197928	192798	221782	195964	191239	200982	196242	208072	226074	194806	213865	195655	216925	
208469	231454	227271	232891	176201	219068	182791	209918	218786	233365	224013	225128	191282	216246	202722	221560	209318	214284	210027	202078	214508	241392	196261	215791	212826	205291	
218942	224119	228620	258503	189447	215522	196466	218086	215414	248113	220887	257055	198570	211932	215321	241386	218270	236936	207331	204902	233076	254819	203161	236470	204508	227184	
171256	196049	182934	208519	154133	178940	150508	163257	185843	203935	178353	200550	149828	175476	182232	188670	184604	191246	166842	168736	178801	212976	175943	197908	169739	180257	
252692	238805	248133	266358	211478	236136	210370	215459	228024	271989	233280	265199	203102	234937	232574	268831	209581	232681	212883	212923	253284	256342	227853	242366	217476	249242	
170752	184603	203530	207938	148109	183211	157963	175416	174602	200742	169634	214886	156853	161830	172254	196112	180245	180608	167090	166819	202327	192214	160625	210844	167184	192136	
189504	213331	221651	218280	185605	203149	174863	197126	200529	235862	208530	226237	186951	209052	208877	220899	201327	195212	197687	185937	233457	226568	202157	223304	183620	212980	
182939	198437	196174	202912	166951	192093	176739	189431	195364	212526	200879	212029	176446	194112	197787	215845	186603	202292	194307	177590	200621	219546	184499	208365	187823	204172	
175474	187005	175308	201312	163840	185355	156651	171418	172539	201968	189986	191817	162092	192820	175353	207370	168080	184876	167059	155859	189530	209716	184027	186586	165052	209464	
196999	201862	216387	221924	184323	213333	186372	191025	179124	217894	211884	240514	178353	203692	206594	227148	188285	198205	192299	188908	218739	226976	181451	188322	198428	218313	
192262	204696	217992	224809	173977	206946	183337	202104	203912	222538	206350	219468	180546	203199	197431	219411	195767	208134	201652	180521	213160	235310	180443	224914	193262	222372	
209578	213087	222080	242693	185021	203480	198321	206290	205674	242661	192826	241995	183798	202649	215276	235565	191046	218127	179111	195604	235008	234521	197246	236117	199913	224286	
195660	224514	209120	220834	174288	201554	178029	189838	195105	236807	193304	226020	175287	201959	209130	227625	200356	196430	187055	172807	218127	230293	196991	223741	188731	214892	
204561	211189	226643	234709	176758	210664	166636	198004	203600	227304	211001	234825	193313	207022	209519	230668	205387	209460	201965	186268	226440	235200	189590	229220	188598	215258	
207342	219731	216144	219433	185285	225722	189071	197854	188437	231410	204059	230853	181717	210514	201449	236657	206130	216277	209420	181086	222708	232215	197389	224722	212859	230212	
208031	220131	229546	247468	186906	223950	189900	202977	202557	242249	206331	230897	186422	203952	218249	241234	202333	215231	192663	190301	241216	222958	208770	231594	201184	230570	
194509	214837	204361	216411	175404	219339	170968	194224	183000	224449	195286	228198	187225	208318	191749	225189	188747	191770	182606	196200	215877	212862	187313	214702	188009	210469	
165868	178807	187846	182802	148345	176931	141110	162701	173730	198954	166232	189128	149357	164682	142664	170682	167834	166283	167395	138633	174843	188480	154837	184427	151177	175755	
177745	208750	213861	216661	171158	203671	170154	181251	181612	214300	186383	233351	174907	190225	188868	219016	179217	188897	180557	178948	216529	216639	197057	206677	190231	213991	
186459	190698	204085	215529	177886	203087	184259	181126	182903	221893	193247	211979	168953	198213	188531	206281	194953	199969	182667	165742	220443	224925	183362	194452	193985	202734	
188895	193438	217379	223546	164486	204943	171585	180692	197523	226372	196712	214520	168350	187636	186545	202798	184871	201018	184844	163998	195633	215299	186298	200668	181700	199689	
197408	203795	212307	228544	175486	220313	170864	191939	193565	233895	204458	209834	184658	199215	191589	216894	185286	209029	177500	170267	211311	227615	183270	223110	189683	223906	
199327	216868	215545	210046	174189	215067	176911	199784	178739	226750	220747	232333	170152	201045	200588	237780	212291	190854	200106	192072	213632	236931	204308	205847	191220	218739	

